   0.00000     0.42333062E-01    -0.25574168E+03    -0.54591298E+01    -0.23141122E+03     0.00000000E+00
   0.00360    -0.45127484E+00    -0.25761472E+03     0.14381502E+02    -0.37610596E+02     0.00000000E+00
   0.00719    -0.66481936E+00    -0.17872261E+03     0.13765080E+02     0.84459868E+02     0.00000000E+00
   0.01079    -0.65467053E+00    -0.11936339E+03     0.78194787E+01     0.89608938E+02     0.00000000E+00
   0.01439    -0.64184314E+00    -0.86547298E+02     0.45857748E+01     0.75303390E+02     0.00000000E+00
   0.01799    -0.60313169E+00    -0.65045801E+02     0.30964242E+01     0.60369525E+02     0.00000000E+00
   0.02158    -0.57712429E+00    -0.51284204E+02     0.22623407E+01     0.49212294E+02     0.00000000E+00
   0.02518    -0.54845425E+00    -0.41347891E+02     0.17741432E+01     0.40443742E+02     0.00000000E+00
   0.02878    -0.52628435E+00    -0.33771604E+02     0.13946109E+01     0.33409928E+02     0.00000000E+00
   0.03237    -0.50247009E+00    -0.27991835E+02     0.11072126E+01     0.27863675E+02     0.00000000E+00
   0.03597    -0.48468168E+00    -0.23447544E+02     0.93331359E+00     0.23420524E+02     0.00000000E+00
   0.03957    -0.46500507E+00    -0.19722404E+02     0.79727811E+00     0.19733053E+02     0.00000000E+00
   0.04317    -0.45035186E+00    -0.16600166E+02     0.68314416E+00     0.16613650E+02     0.00000000E+00
   0.04676    -0.43385083E+00    -0.13994721E+02     0.57696732E+00     0.13997515E+02     0.00000000E+00
   0.05036    -0.42136025E+00    -0.11828915E+02     0.50366618E+00     0.11817284E+02     0.00000000E+00
   0.05396    -0.40761891E+00    -0.99261565E+01     0.43975473E+00     0.99007225E+01     0.00000000E+00
   0.05755    -0.39671547E+00    -0.83195303E+01     0.38756327E+00     0.82825284E+01     0.00000000E+00
   0.06115    -0.38511839E+00    -0.68742454E+01     0.33914299E+00     0.68313619E+01     0.00000000E+00
   0.06475    -0.37554189E+00    -0.56622591E+01     0.29584289E+00     0.56172800E+01     0.00000000E+00
   0.06835    -0.36556958E+00    -0.45729532E+01     0.26806384E+00     0.45302165E+01     0.00000000E+00
   0.07194    -0.35715870E+00    -0.36257750E+01     0.24102910E+00     0.35876691E+01     0.00000000E+00
   0.07554    -0.34850304E+00    -0.27618383E+01     0.21391967E+00     0.27332568E+01     0.00000000E+00
   0.07914    -0.34107264E+00    -0.20218445E+01     0.18879198E+00     0.20043310E+01     0.00000000E+00
   0.08273    -0.33354927E+00    -0.13462338E+01     0.17030566E+00     0.13430502E+01     0.00000000E+00
   0.08633    -0.32692892E+00    -0.75537512E+00     0.15015733E+00     0.76735042E+00     0.00000000E+00
   0.08993    -0.32031693E+00    -0.21911808E+00     0.13646539E+00     0.24934773E+00     0.00000000E+00
   0.09353    -0.31439330E+00     0.25662186E+00     0.12235399E+00    -0.20750346E+00     0.00000000E+00
   0.09712    -0.30855100E+00     0.68514354E+00     0.10866138E+00    -0.61690774E+00     0.00000000E+00
   0.10072    -0.30325845E+00     0.10650603E+01     0.96742332E-01    -0.97670599E+00     0.00000000E+00
   0.10432    -0.29805632E+00     0.14101974E+01     0.87112150E-01    -0.12996350E+01     0.00000000E+00
   0.10791    -0.29329636E+00     0.17137372E+01     0.78129404E-01    -0.15821175E+01     0.00000000E+00
   0.11151    -0.28865076E+00     0.19888520E+01     0.69945174E-01    -0.18375643E+01     0.00000000E+00
   0.11511    -0.28436190E+00     0.22339133E+01     0.61634346E-01    -0.20624868E+01     0.00000000E+00
   0.11871    -0.28016896E+00     0.24557773E+01     0.53774455E-01    -0.22641058E+01     0.00000000E+00
   0.12230    -0.27627755E+00     0.26540952E+01     0.45374483E-01    -0.24400284E+01     0.00000000E+00
   0.12590    -0.27247285E+00     0.28253823E+01     0.39629589E-01    -0.25910148E+01     0.00000000E+00
   0.12950    -0.26893639E+00     0.29793987E+01     0.36182982E-01    -0.27284685E+01     0.00000000E+00
   0.13309    -0.26550424E+00     0.31233575E+01     0.30807042E-01    -0.28536417E+01     0.00000000E+00
   0.13669    -0.26224422E+00     0.32470691E+01     0.24283425E-01    -0.29564683E+01     0.00000000E+00
   0.14029    -0.25913805E+00     0.33518932E+01     0.20670070E-01    -0.30432472E+01     0.00000000E+00
   0.14388    -0.25617724E+00     0.34442343E+01     0.18972376E-01    -0.31207751E+01     0.00000000E+00
   0.14748    -0.25335241E+00     0.35307352E+01     0.15514819E-01    -0.31914212E+01     0.00000000E+00
   0.15108    -0.25062241E+00     0.36027104E+01     0.11520173E-01    -0.32466871E+01     0.00000000E+00
   0.15468    -0.24800391E+00     0.36638819E+01     0.89542555E-02    -0.32930299E+01     0.00000000E+00
   0.15827    -0.24549913E+00     0.37174384E+01     0.64374883E-02    -0.33320873E+01     0.00000000E+00
   0.16187    -0.24303968E+00     0.37607782E+01     0.41272151E-02    -0.33615189E+01     0.00000000E+00
   0.16547    -0.24075222E+00     0.37970533E+01     0.25264050E-02    -0.33861334E+01     0.00000000E+00
   0.16906    -0.23843313E+00     0.38281117E+01    -0.43902295E-03    -0.34043127E+01     0.00000000E+00
   0.17266    -0.23632659E+00     0.38471270E+01    -0.20981579E-02    -0.34131563E+01     0.00000000E+00
   0.17626    -0.23417903E+00     0.38645913E+01    -0.26039840E-02    -0.34221767E+01     0.00000000E+00
   0.17986    -0.23221649E+00     0.38770736E+01    -0.45617194E-02    -0.34251068E+01     0.00000000E+00
   0.18345    -0.23022518E+00     0.38846380E+01    -0.81527377E-02    -0.34220639E+01     0.00000000E+00
   0.18705    -0.22835458E+00     0.38810039E+01    -0.11227016E-01    -0.34088154E+01     0.00000000E+00
   0.19065    -0.22648406E+00     0.38714529E+01    -0.11909502E-01    -0.33938174E+01     0.00000000E+00
   0.19424    -0.22472112E+00     0.38610348E+01    -0.12670541E-01    -0.33780939E+01     0.00000000E+00
   0.19784    -0.22295577E+00     0.38452761E+01    -0.13906643E-01    -0.33579467E+01     0.00000000E+00
   0.20144    -0.22126724E+00     0.38280684E+01    -0.16793750E-01    -0.33350319E+01     0.00000000E+00
   0.20504    -0.21959960E+00     0.38001525E+01    -0.19404228E-01    -0.33027297E+01     0.00000000E+00
   0.20863    -0.21803799E+00     0.37695377E+01    -0.21103500E-01    -0.32700595E+01     0.00000000E+00
   0.21223    -0.21648226E+00     0.37337491E+01    -0.19999560E-01    -0.32339169E+01     0.00000000E+00
   0.21583    -0.21504860E+00     0.37016681E+01    -0.24435855E-01    -0.31992126E+01     0.00000000E+00
   0.21942    -0.21353291E+00     0.36532645E+01    -0.25451500E-01    -0.31487288E+01     0.00000000E+00
   0.22302    -0.21224467E+00     0.36071930E+01    -0.25113139E-01    -0.31067296E+01     0.00000000E+00
   0.22662    -0.21074113E+00     0.35618355E+01    -0.25746760E-01    -0.30615097E+01     0.00000000E+00
   0.23022    -0.20956939E+00     0.35119057E+01    -0.27785975E-01    -0.30131165E+01     0.00000000E+00
   0.23381    -0.20806688E+00     0.34597483E+01    -0.30343663E-01    -0.29610405E+01     0.00000000E+00
   0.23741    -0.20698169E+00     0.34001666E+01    -0.31405577E-01    -0.29042970E+01     0.00000000E+00
   0.24101    -0.20562001E+00     0.33423062E+01    -0.29982585E-01    -0.28522394E+01     0.00000000E+00
   0.24460    -0.20458550E+00     0.32865776E+01    -0.29454168E-01    -0.28003967E+01     0.00000000E+00
   0.24820    -0.20340588E+00     0.32300587E+01    -0.32150745E-01    -0.27455074E+01     0.00000000E+00
   0.25180    -0.20239286E+00     0.31650146E+01    -0.32255528E-01    -0.26843876E+01     0.00000000E+00
   0.25540    -0.20134310E+00     0.31059385E+01    -0.30989635E-01    -0.26318772E+01     0.00000000E+00
   0.25899    -0.20038446E+00     0.30479278E+01    -0.29575307E-01    -0.25782367E+01     0.00000000E+00
   0.26259    -0.19937285E+00     0.29913823E+01    -0.29479090E-01    -0.25266772E+01     0.00000000E+00
   0.26619    -0.19852895E+00     0.29369066E+01    -0.30346216E-01    -0.24735894E+01     0.00000000E+00
   0.26978    -0.19758845E+00     0.28748327E+01    -0.29760074E-01    -0.24174819E+01     0.00000000E+00
   0.27338    -0.19687180E+00     0.28235477E+01    -0.27279873E-01    -0.23713826E+01     0.00000000E+00
   0.27698    -0.19606100E+00     0.27696963E+01    -0.26567048E-01    -0.23223077E+01     0.00000000E+00
   0.28058    -0.19539085E+00     0.27208971E+01    -0.26635549E-01    -0.22761521E+01     0.00000000E+00
   0.28417    -0.19471126E+00     0.26671394E+01    -0.25807598E-01    -0.22273792E+01     0.00000000E+00
   0.28777    -0.19405578E+00     0.26212459E+01    -0.24045643E-01    -0.21865243E+01     0.00000000E+00
   0.29137    -0.19345482E+00     0.25744363E+01    -0.24337098E-01    -0.21425850E+01     0.00000000E+00
   0.29496    -0.19289315E+00     0.25271943E+01    -0.22967042E-01    -0.21010088E+01     0.00000000E+00
   0.29856    -0.19236379E+00     0.24843351E+01    -0.23637237E-01    -0.20608277E+01     0.00000000E+00
   0.30216    -0.19199195E+00     0.24341644E+01    -0.23450943E-01    -0.20159977E+01     0.00000000E+00
   0.30576    -0.19151059E+00     0.23892850E+01    -0.21876912E-01    -0.19781792E+01     0.00000000E+00
   0.30935    -0.19133605E+00     0.23465371E+01    -0.22500438E-01    -0.19384619E+01     0.00000000E+00
   0.31295    -0.19077598E+00     0.22947311E+01    -0.24393998E-01    -0.18922197E+01     0.00000000E+00
   0.31655    -0.19076126E+00     0.22481299E+01    -0.23582530E-01    -0.18520334E+01     0.00000000E+00
   0.32014    -0.19017313E+00     0.21965943E+01    -0.23786636E-01    -0.18084635E+01     0.00000000E+00
   0.32374    -0.19028616E+00     0.21504489E+01    -0.22934937E-01    -0.17687569E+01     0.00000000E+00
   0.32734    -0.18977655E+00     0.20984758E+01    -0.23986948E-01    -0.17239782E+01     0.00000000E+00
   0.33094    -0.18996570E+00     0.20481205E+01    -0.25485816E-01    -0.16780191E+01     0.00000000E+00
   0.33453    -0.18954615E+00     0.19885036E+01    -0.25460802E-01    -0.16281834E+01     0.00000000E+00
   0.33813    -0.18981679E+00     0.19399687E+01    -0.23244586E-01    -0.15875105E+01     0.00000000E+00
   0.34173    -0.18948084E+00     0.18866356E+01    -0.24204761E-01    -0.15407717E+01     0.00000000E+00
   0.34532    -0.18973575E+00     0.18339894E+01    -0.23938726E-01    -0.14940824E+01     0.00000000E+00
   0.34892    -0.18964394E+00     0.17820554E+01    -0.22517007E-01    -0.14513350E+01     0.00000000E+00
   0.35252    -0.18993385E+00     0.17359078E+01    -0.20016689E-01    -0.14113713E+01     0.00000000E+00
   0.35612    -0.18991575E+00     0.16877180E+01    -0.20862530E-01    -0.13693714E+01     0.00000000E+00
   0.35971    -0.19072274E+00     0.16472862E+01    -0.17191527E-01    -0.13334867E+01     0.00000000E+00
   0.36331    -0.19047936E+00     0.16032221E+01    -0.16749285E-01    -0.12954989E+01     0.00000000E+00
   0.36691    -0.19142575E+00     0.15707357E+01    -0.14365140E-01    -0.12657322E+01     0.00000000E+00
   0.37050    -0.19153185E+00     0.15393514E+01    -0.12438870E-01    -0.12383316E+01     0.00000000E+00
   0.37410    -0.19217905E+00     0.15127308E+01    -0.10298720E-01    -0.12135358E+01     0.00000000E+00
   0.37770    -0.19250935E+00     0.14877605E+01    -0.10902148E-01    -0.11906769E+01     0.00000000E+00
   0.38129    -0.19342005E+00     0.14651629E+01    -0.83356209E-02    -0.11700507E+01     0.00000000E+00
   0.38489    -0.19351315E+00     0.14365868E+01    -0.12524264E-01    -0.11488061E+01     0.00000000E+00
   0.38849    -0.19500179E+00     0.14139477E+01    -0.85802171E-02    -0.11263229E+01     0.00000000E+00
   0.39209    -0.19472618E+00     0.13664078E+01    -0.16793024E-01    -0.10925025E+01     0.00000000E+00
   0.39568    -0.19652651E+00     0.13239238E+01    -0.16247186E-01    -0.10555712E+01     0.00000000E+00
   0.39928    -0.19682197E+00     0.12441177E+01    -0.27114796E-01    -0.99748868E+00     0.00000000E+00
   0.40288    -0.19848332E+00     0.11408132E+01    -0.29221633E-01    -0.91650749E+00     0.00000000E+00
   0.40647    -0.19886530E+00     0.98951207E+00    -0.52567294E-01    -0.81032727E+00     0.00000000E+00
   0.41007    -0.20094997E+00     0.79382132E+00    -0.57113731E-01    -0.65765847E+00     0.00000000E+00
   0.41367    -0.20132470E+00     0.50961941E+00    -0.95700752E-01    -0.45827181E+00     0.00000000E+00
   0.41727    -0.20394254E+00     0.13014383E+00    -0.95619968E-01    -0.16137297E+00     0.00000000E+00
   0.42086    -0.20485035E+00    -0.37236675E+00    -0.19831405E+00     0.16679515E+00     0.00000000E+00
   0.42446    -0.20783828E+00    -0.10677524E+01    -0.18329893E+00     0.71508956E+00     0.00000000E+00
   0.42806    -0.21146881E+00    -0.17341054E+01    -0.84909773E-02     0.13423371E+01     0.00000000E+00
   0.43165    -0.21356326E+00    -0.25081733E+01    -0.22606561E+00     0.18152832E+01     0.00000000E+00
   0.43525    -0.21360406E+00    -0.33872045E+01    -0.33467284E+00     0.24434366E+01     0.00000000E+00
   0.43885    -0.21780468E+00    -0.42994964E+01    -0.27973949E+00     0.31992626E+01     0.00000000E+00
   0.44245    -0.21814739E+00    -0.53041217E+01    -0.33089182E+00     0.39563881E+01     0.00000000E+00
   0.44604    -0.22305960E+00    -0.63838490E+01    -0.32439705E+00     0.48072463E+01     0.00000000E+00
   0.44964    -0.22347706E+00    -0.75723287E+01    -0.37439200E+00     0.56949595E+01     0.00000000E+00
   0.45324    -0.22893190E+00    -0.88541965E+01    -0.37523113E+00     0.66776696E+01     0.00000000E+00
   0.45683    -0.22935883E+00    -0.10273842E+02    -0.43225351E+00     0.77022674E+01     0.00000000E+00
   0.46043    -0.23552941E+00    -0.11784757E+02    -0.42517075E+00     0.88117350E+01     0.00000000E+00
   0.46403    -0.23563459E+00    -0.13497612E+02    -0.53325669E+00     0.99980510E+01     0.00000000E+00
   0.46763    -0.24248274E+00    -0.15460924E+02    -0.54898305E+00     0.11360135E+02     0.00000000E+00
   0.47122    -0.24222131E+00    -0.17777964E+02    -0.75319560E+00     0.12728305E+02     0.00000000E+00
   0.47482    -0.25016047E+00    -0.20595868E+02    -0.78763336E+00     0.14334538E+02     0.00000000E+00
   0.47842    -0.24967545E+00    -0.24123032E+02    -0.12569277E+01     0.15803746E+02     0.00000000E+00
   0.48201    -0.25962488E+00    -0.28956906E+02    -0.13974193E+01     0.17607268E+02     0.00000000E+00
   0.48561    -0.26047350E+00    -0.35545566E+02    -0.23773673E+01     0.18218212E+02     0.00000000E+00
   0.48921    -0.27820364E+00    -0.44873164E+02    -0.29119663E+01     0.17276447E+02     0.00000000E+00
   0.49281    -0.28311762E+00    -0.59527871E+02    -0.30817814E+01     0.65548341E+01     0.00000000E+00
   0.49640    -0.35085991E+00    -0.64226672E+02     0.29644271E+01    -0.29369659E+02     0.00000000E+00
   0.50000    -0.38070869E+00    -0.16872803E+02     0.24646865E+02    -0.25438856E+02     0.00000000E+00
   0.50360    -0.37357709E+00     0.43939775E+02     0.13715191E+02    -0.26737847E+02     0.00000000E+00
   0.50719    -0.32837935E+00     0.58569659E+02     0.55306132E+00    -0.49573250E+02     0.00000000E+00
   0.51079    -0.30490558E+00     0.54133710E+02    -0.16019735E+00    -0.52072506E+02     0.00000000E+00
   0.51439    -0.29521351E+00     0.49059886E+02    -0.13610623E+01    -0.48473664E+02     0.00000000E+00
   0.51799    -0.28800757E+00     0.45571061E+02    -0.70629502E+00    -0.45524907E+02     0.00000000E+00
   0.52158    -0.28215265E+00     0.42868491E+02    -0.52569817E+00    -0.42863193E+02     0.00000000E+00
   0.52518    -0.27948441E+00     0.40973207E+02    -0.43827292E+00    -0.40892757E+02     0.00000000E+00
   0.52878    -0.27475842E+00     0.39504211E+02    -0.27641917E+00    -0.39310234E+02     0.00000000E+00
   0.53237    -0.27207848E+00     0.38171003E+02    -0.33306653E+00    -0.37905359E+02     0.00000000E+00
   0.53597    -0.26788462E+00     0.37073212E+02    -0.20925459E+00    -0.36740967E+02     0.00000000E+00
   0.53957    -0.26485463E+00     0.36087229E+02    -0.21517397E+00    -0.35729954E+02     0.00000000E+00
   0.54317    -0.26085097E+00     0.35279559E+02    -0.18752081E+00    -0.34882326E+02     0.00000000E+00
   0.54676    -0.25731209E+00     0.34347520E+02    -0.21897383E+00    -0.33929420E+02     0.00000000E+00
   0.55036    -0.25353507E+00     0.33524195E+02    -0.20403183E+00    -0.33096124E+02     0.00000000E+00
   0.55396    -0.24990154E+00     0.32685705E+02    -0.20969487E+00    -0.32255747E+02     0.00000000E+00
   0.55755    -0.24609007E+00     0.31882512E+02    -0.20525166E+00    -0.31462859E+02     0.00000000E+00
   0.56115    -0.24259456E+00     0.31142060E+02    -0.20295667E+00    -0.30733660E+02     0.00000000E+00
   0.56475    -0.23876284E+00     0.30316970E+02    -0.21274610E+00    -0.29934439E+02     0.00000000E+00
   0.56835    -0.23616476E+00     0.29665621E+02    -0.19335514E+00    -0.29309110E+02     0.00000000E+00
   0.57194    -0.23509946E+00     0.29631450E+02     0.96367463E-01    -0.29251443E+02     0.00000000E+00
   0.57554    -0.22548944E+00     0.29064305E+02    -0.15081727E-01    -0.28705241E+02     0.00000000E+00
   0.57914    -0.22145717E+00     0.28260410E+02    -0.15495340E+00    -0.27911899E+02     0.00000000E+00
   0.58273    -0.21551693E+00     0.27647504E+02    -0.69723026E-01    -0.27282347E+02     0.00000000E+00
   0.58633    -0.21199405E+00     0.27137489E+02    -0.12525700E+00    -0.26788420E+02     0.00000000E+00
   0.58993    -0.20707962E+00     0.26776914E+02    -0.92092436E-01    -0.26416607E+02     0.00000000E+00
   0.59353    -0.20303455E+00     0.26369566E+02    -0.95707853E-01    -0.25999494E+02     0.00000000E+00
   0.59712    -0.19866881E+00     0.26021764E+02    -0.87819362E-01    -0.25644654E+02     0.00000000E+00
   0.60072    -0.19502297E+00     0.25676897E+02    -0.78525362E-01    -0.25297985E+02     0.00000000E+00
   0.60432    -0.19102991E+00     0.25427791E+02    -0.71570787E-01    -0.25041318E+02     0.00000000E+00
   0.60791    -0.18744258E+00     0.25147561E+02    -0.79787931E-01    -0.24750643E+02     0.00000000E+00
   0.61151    -0.18380214E+00     0.24888803E+02    -0.67521124E-01    -0.24487790E+02     0.00000000E+00
   0.61511    -0.18039880E+00     0.24678611E+02    -0.67317218E-01    -0.24270103E+02     0.00000000E+00
   0.61871    -0.17703805E+00     0.24448104E+02    -0.54832823E-01    -0.24035734E+02     0.00000000E+00
   0.62230    -0.17390003E+00     0.24301300E+02    -0.46193681E-01    -0.23884355E+02     0.00000000E+00
   0.62590    -0.17069100E+00     0.24143749E+02    -0.52634858E-01    -0.23714145E+02     0.00000000E+00
   0.62950    -0.16761565E+00     0.23980147E+02    -0.51743133E-01    -0.23542166E+02     0.00000000E+00
   0.63309    -0.16465582E+00     0.23834237E+02    -0.39941862E-01    -0.23391083E+02     0.00000000E+00
   0.63669    -0.16175547E+00     0.23731101E+02    -0.40240706E-01    -0.23278635E+02     0.00000000E+00
   0.64029    -0.15887922E+00     0.23601308E+02    -0.37872703E-01    -0.23139495E+02     0.00000000E+00
   0.64388    -0.15615237E+00     0.23508322E+02    -0.29807813E-01    -0.23041015E+02     0.00000000E+00
   0.64748    -0.15340056E+00     0.23430117E+02    -0.38256873E-01    -0.22948711E+02     0.00000000E+00
   0.65108    -0.15069938E+00     0.23308017E+02    -0.29500982E-01    -0.22821544E+02     0.00000000E+00
   0.65468    -0.14821021E+00     0.23264443E+02    -0.99956697E-02    -0.22774905E+02     0.00000000E+00
   0.65827    -0.14556981E+00     0.23234122E+02    -0.19425047E-01    -0.22729448E+02     0.00000000E+00
   0.66187    -0.14306480E+00     0.23167456E+02    -0.29106852E-01    -0.22648316E+02     0.00000000E+00
   0.66547    -0.14055356E+00     0.23098135E+02    -0.82745952E-02    -0.22576155E+02     0.00000000E+00
   0.66906    -0.13827925E+00     0.23110876E+02     0.22036490E-02    -0.22580320E+02     0.00000000E+00
   0.67266    -0.13570829E+00     0.23097369E+02    -0.15646142E-01    -0.22546381E+02     0.00000000E+00
   0.67626    -0.13341910E+00     0.23044966E+02    -0.16976718E-01    -0.22483069E+02     0.00000000E+00
   0.67986    -0.13102475E+00     0.23029375E+02    -0.66398462E-02    -0.22459302E+02     0.00000000E+00
   0.68345    -0.12882963E+00     0.23018571E+02     0.32816776E-02    -0.22440236E+02     0.00000000E+00
   0.68705    -0.12652394E+00     0.23043554E+02     0.14420646E-01    -0.22455723E+02     0.00000000E+00
   0.69065    -0.12436841E+00     0.23079714E+02     0.54426818E-02    -0.22473605E+02     0.00000000E+00
   0.69424    -0.12198758E+00     0.23079000E+02    -0.36333150E-02    -0.22455325E+02     0.00000000E+00
   0.69784    -0.11992424E+00     0.23080927E+02     0.17415518E-01    -0.22452336E+02     0.00000000E+00
   0.70144    -0.11769449E+00     0.23160078E+02     0.19603309E-01    -0.22515455E+02     0.00000000E+00
   0.70504    -0.11553012E+00     0.23177193E+02     0.12845249E-01    -0.22513347E+02     0.00000000E+00
   0.70863    -0.11337241E+00     0.23228339E+02     0.22468538E-01    -0.22553881E+02     0.00000000E+00
   0.71223    -0.11125413E+00     0.23290721E+02     0.17438757E-01    -0.22594798E+02     0.00000000E+00
   0.71583    -0.10905063E+00     0.23319884E+02     0.28163679E-01    -0.22613449E+02     0.00000000E+00
   0.71942    -0.10708058E+00     0.23427689E+02     0.33707288E-01    -0.22702387E+02     0.00000000E+00
   0.72302    -0.10476059E+00     0.23476072E+02     0.25899425E-01    -0.22729496E+02     0.00000000E+00
   0.72662    -0.10284446E+00     0.23560765E+02     0.28372026E-01    -0.22796190E+02     0.00000000E+00
   0.73022    -0.10055111E+00     0.23623026E+02     0.44814272E-01    -0.22844866E+02     0.00000000E+00
   0.73381    -0.98724723E-01     0.23764418E+02     0.50742291E-01    -0.22965064E+02     0.00000000E+00
   0.73741    -0.96298345E-01     0.23848913E+02     0.36092338E-01    -0.23019810E+02     0.00000000E+00
   0.74101    -0.94464272E-01     0.23938775E+02     0.37703304E-01    -0.23090537E+02     0.00000000E+00
   0.74460    -0.92098111E-01     0.24041520E+02     0.46071979E-01    -0.23171630E+02     0.00000000E+00
   0.74820    -0.90276775E-01     0.24158308E+02     0.63023217E-01    -0.23271724E+02     0.00000000E+00
   0.75180    -0.87936031E-01     0.24323446E+02     0.62746263E-01    -0.23406478E+02     0.00000000E+00
   0.75540    -0.85970664E-01     0.24434814E+02     0.47640133E-01    -0.23484517E+02     0.00000000E+00
   0.75899    -0.83623087E-01     0.24554673E+02     0.54787664E-01    -0.23580863E+02     0.00000000E+00
   0.76259    -0.81728149E-01     0.24700097E+02     0.76944364E-01    -0.23705864E+02     0.00000000E+00
   0.76619    -0.79356965E-01     0.24895539E+02     0.79209726E-01    -0.23866701E+02     0.00000000E+00
   0.76978    -0.77319742E-01     0.25042835E+02     0.69475048E-01    -0.23975062E+02     0.00000000E+00
   0.77338    -0.74901650E-01     0.25205596E+02     0.67516745E-01    -0.24104213E+02     0.00000000E+00
   0.77698    -0.72836948E-01     0.25356350E+02     0.70079871E-01    -0.24220446E+02     0.00000000E+00
   0.78058    -0.70413742E-01     0.25532770E+02     0.94148882E-01    -0.24372584E+02     0.00000000E+00
   0.78417    -0.68372491E-01     0.25772100E+02     0.89406805E-01    -0.24563561E+02     0.00000000E+00
   0.78777    -0.65670835E-01     0.25920522E+02     0.80747909E-01    -0.24668403E+02     0.00000000E+00
   0.79137    -0.63710737E-01     0.26139410E+02     0.96169976E-01    -0.24852115E+02     0.00000000E+00
   0.79496    -0.60917046E-01     0.26352099E+02     0.10608909E+00    -0.25020779E+02     0.00000000E+00
   0.79856    -0.58891278E-01     0.26596439E+02     0.10178367E+00    -0.25212495E+02     0.00000000E+00
   0.80216    -0.55926374E-01     0.26796894E+02     0.98548981E-01    -0.25360916E+02     0.00000000E+00
   0.80576    -0.53882704E-01     0.27036470E+02     0.10389169E+00    -0.25553361E+02     0.00000000E+00
   0.80935    -0.50816556E-01     0.27272961E+02     0.11865131E+00    -0.25738830E+02     0.00000000E+00
   0.81295    -0.48725258E-01     0.27559300E+02     0.13394068E+00    -0.25970125E+02     0.00000000E+00
   0.81655    -0.45454018E-01     0.27844628E+02     0.12906024E+00    -0.26182438E+02     0.00000000E+00
   0.82014    -0.43172991E-01     0.28099775E+02     0.11611834E+00    -0.26366975E+02     0.00000000E+00
   0.82374    -0.39780189E-01     0.28358304E+02     0.11982363E+00    -0.26559348E+02     0.00000000E+00
   0.82734    -0.37460870E-01     0.28639818E+02     0.13679464E+00    -0.26779678E+02     0.00000000E+00
   0.83094    -0.33934794E-01     0.28968476E+02     0.14725345E+00    -0.27032192E+02     0.00000000E+00
   0.83453    -0.31438996E-01     0.29277820E+02     0.14439694E+00    -0.27256191E+02     0.00000000E+00
   0.83813    -0.27708891E-01     0.29602496E+02     0.15639071E+00    -0.27500285E+02     0.00000000E+00
   0.84173    -0.25128580E-01     0.29962603E+02     0.15939019E+00    -0.27764581E+02     0.00000000E+00
   0.84532    -0.21057647E-01     0.30296718E+02     0.16409266E+00    -0.28001362E+02     0.00000000E+00
   0.84892    -0.18394295E-01     0.30678162E+02     0.17044581E+00    -0.28278512E+02     0.00000000E+00
   0.85252    -0.13974356E-01     0.31036128E+02     0.16469308E+00    -0.28520445E+02     0.00000000E+00
   0.85612    -0.11156858E-01     0.31402122E+02     0.16910763E+00    -0.28777830E+02     0.00000000E+00
   0.85971    -0.65274559E-02     0.31809347E+02     0.20200268E+00    -0.29074724E+02     0.00000000E+00
   0.86331    -0.35619293E-02     0.32283007E+02     0.21189195E+00    -0.29405810E+02     0.00000000E+00
   0.86691     0.16212786E-02     0.32696070E+02     0.18844478E+00    -0.29656503E+02     0.00000000E+00
   0.87050     0.48435768E-02     0.33091004E+02     0.18430301E+00    -0.29912090E+02     0.00000000E+00
   0.87410     0.10237909E-01     0.33558952E+02     0.23004403E+00    -0.30244521E+02     0.00000000E+00
   0.87770     0.13643940E-01     0.34120254E+02     0.24363051E+00    -0.30615606E+02     0.00000000E+00
   0.88129     0.19845299E-01     0.34582796E+02     0.22042007E+00    -0.30868772E+02     0.00000000E+00
   0.88489     0.23479501E-01     0.35065011E+02     0.22096348E+00    -0.31160884E+02     0.00000000E+00
   0.88849     0.30144347E-01     0.35577194E+02     0.23396686E+00    -0.31467678E+02     0.00000000E+00
   0.89209     0.34016212E-01     0.36128126E+02     0.26640305E+00    -0.31814306E+02     0.00000000E+00
   0.89568     0.41239123E-01     0.36784076E+02     0.28884272E+00    -0.32207836E+02     0.00000000E+00
   0.89928     0.45713157E-01     0.37365488E+02     0.27053821E+00    -0.32500259E+02     0.00000000E+00
   0.90288     0.53707706E-01     0.37968504E+02     0.27716071E+00    -0.32811263E+02     0.00000000E+00
   0.90647     0.58521374E-01     0.38607193E+02     0.30463724E+00    -0.33156273E+02     0.00000000E+00
   0.91007     0.67347604E-01     0.39343802E+02     0.32046986E+00    -0.33529982E+02     0.00000000E+00
   0.91367     0.72896403E-01     0.39998723E+02     0.31719694E+00    -0.33802938E+02     0.00000000E+00
   0.91727     0.82634027E-01     0.40745907E+02     0.33881421E+00    -0.34152368E+02     0.00000000E+00
   0.92086     0.88823954E-01     0.41509405E+02     0.34082598E+00    -0.34453313E+02     0.00000000E+00
   0.92446     0.99875752E-01     0.42262413E+02     0.36525826E+00    -0.34743031E+02     0.00000000E+00
   0.92806     0.10659587E+00     0.43181799E+02     0.40402020E+00    -0.35114571E+02     0.00000000E+00
   0.93165     0.11945404E+00     0.44047230E+02     0.40375558E+00    -0.35341587E+02     0.00000000E+00
   0.93525     0.12718504E+00     0.44901078E+02     0.39474776E+00    -0.35530675E+02     0.00000000E+00
   0.93885     0.14170794E+00     0.45801163E+02     0.43468256E+00    -0.35734590E+02     0.00000000E+00
   0.94245     0.15045231E+00     0.46877052E+02     0.47457366E+00    -0.35971312E+02     0.00000000E+00
   0.94604     0.16764232E+00     0.47882447E+02     0.49253844E+00    -0.36012641E+02     0.00000000E+00
   0.94964     0.17792358E+00     0.48949249E+02     0.50447780E+00    -0.36015182E+02     0.00000000E+00
   0.95324     0.19820386E+00     0.49991325E+02     0.52645576E+00    -0.35854816E+02     0.00000000E+00
   0.95683     0.21044741E+00     0.51096324E+02     0.56610155E+00    -0.35621644E+02     0.00000000E+00
   0.96043     0.23475870E+00     0.52258724E+02     0.61532734E+00    -0.35168260E+02     0.00000000E+00
   0.96403     0.24997913E+00     0.53305516E+02     0.60361898E+00    -0.34308100E+02     0.00000000E+00
   0.96763     0.28045099E+00     0.54038134E+02     0.62023284E+00    -0.33029075E+02     0.00000000E+00
   0.97122     0.29838232E+00     0.54919622E+02     0.66207383E+00    -0.31468877E+02     0.00000000E+00
   0.97482     0.33846699E+00     0.55089722E+02     0.67842830E+00    -0.28788230E+02     0.00000000E+00
   0.97842     0.36134618E+00     0.54490871E+02     0.61815126E+00    -0.25032017E+02     0.00000000E+00
   0.98201     0.41604068E+00     0.51676909E+02     0.41864486E+00    -0.19561404E+02     0.00000000E+00
   0.98561     0.44449270E+00     0.44995248E+02     0.13368043E+00    -0.11789591E+02     0.00000000E+00
   0.98921     0.51666611E+00     0.28628630E+02    -0.14074253E+01    -0.35311957E+01     0.00000000E+00
   0.99281     0.52910112E+00    -0.14966957E+02    -0.69200431E+01    -0.10664803E+02     0.00000000E+00
   0.99640     0.49283222E+00    -0.12737942E+03    -0.14427728E+02    -0.11062404E+03     0.00000000E+00
   1.00000     0.42333062E-01    -0.25574168E+03    -0.54591298E+01    -0.23141122E+03     0.00000000E+00
