   0.00000    0.20720623E+01
   0.00430    0.54938231E+00
   0.01227   -0.27345063E+00
   0.02096   -0.47054025E+00
   0.02946   -0.48786225E+00
   0.03786   -0.47461925E+00
   0.04619   -0.43412410E+00
   0.05447   -0.39149566E+00
   0.06271   -0.34999479E+00
   0.07092   -0.30457453E+00
   0.07910   -0.26559079E+00
   0.08726   -0.22494474E+00
   0.09540   -0.18873886E+00
   0.10352   -0.15160445E+00
   0.11163   -0.11844386E+00
   0.11972   -0.84918673E-01
   0.12780   -0.54674013E-01
   0.13586   -0.24193187E-01
   0.14392    0.37213375E-02
   0.15197    0.31439812E-01
   0.16001    0.56934984E-01
   0.16804    0.82480907E-01
   0.17605    0.10616536E+00
   0.18406    0.12947328E+00
   0.19206    0.15143231E+00
   0.20006    0.17296884E+00
   0.20805    0.19331923E+00
   0.21603    0.21332396E+00
   0.22400    0.23226188E+00
   0.23197    0.25074718E+00
   0.23993    0.26840356E+00
   0.24789    0.28566535E+00
   0.25585    0.30211597E+00
   0.26379    0.31816095E+00
   0.27174    0.33348274E+00
   0.27967    0.34842365E+00
   0.28761    0.36282605E+00
   0.29554    0.37675674E+00
   0.30346    0.39016133E+00
   0.31138    0.40314196E+00
   0.31930    0.41568745E+00
   0.32721    0.42782954E+00
   0.33512    0.43959460E+00
   0.34303    0.45097828E+00
   0.35093    0.46199578E+00
   0.35883    0.47263507E+00
   0.36672    0.48294153E+00
   0.37462    0.49290013E+00
   0.38251    0.50257483E+00
   0.39039    0.51192110E+00
   0.39828    0.52100315E+00
   0.40616    0.52978481E+00
   0.41404    0.53829125E+00
   0.42191    0.54653605E+00
   0.42978    0.55453560E+00
   0.43766    0.56229635E+00
   0.44552    0.56982704E+00
   0.45339    0.57713179E+00
   0.46125    0.58421131E+00
   0.46911    0.59107454E+00
   0.47698    0.59774233E+00
   0.48483    0.60424144E+00
   0.49268    0.61050498E+00
   0.50053    0.61664708E+00
   0.50838    0.62258343E+00
   0.51623    0.62838517E+00
   0.52408    0.63401121E+00
   0.53192    0.63945084E+00
   0.53977    0.64478623E+00
   0.54761    0.64994783E+00
   0.55545    0.65503459E+00
   0.56329    0.65988691E+00
   0.57112    0.66471767E+00
   0.57896    0.66930372E+00
   0.58679    0.67392312E+00
   0.59462    0.67828676E+00
   0.60246    0.68263561E+00
   0.61028    0.68679832E+00
   0.61811    0.69089776E+00
   0.62594    0.69486936E+00
   0.63376    0.69873526E+00
   0.64159    0.70253893E+00
   0.64941    0.70624701E+00
   0.65723    0.70985164E+00
   0.66505    0.71340149E+00
   0.67287    0.71675764E+00
   0.68069    0.72013213E+00
   0.68850    0.72332884E+00
   0.69631    0.72649612E+00
   0.70413    0.72951345E+00
   0.71194    0.73256505E+00
   0.71975    0.73538561E+00
   0.72756    0.73833647E+00
   0.73537    0.74097215E+00
   0.74318    0.74373623E+00
   0.75098    0.74623775E+00
   0.75879    0.74886096E+00
   0.76659    0.75120360E+00
   0.77439    0.75365251E+00
   0.78219    0.75588724E+00
   0.78999    0.75821095E+00
   0.79779    0.76024752E+00
   0.80559    0.76252123E+00
   0.81339    0.76431199E+00
   0.82118    0.76648825E+00
   0.82898    0.76814809E+00
   0.83677    0.77010697E+00
   0.84456    0.77168802E+00
   0.85235    0.77340692E+00
   0.86014    0.77493191E+00
   0.86792    0.77654038E+00
   0.87571    0.77795251E+00
   0.88349    0.77954093E+00
   0.89128    0.78095567E+00
   0.89906    0.78239461E+00
   0.90684    0.78395282E+00
   0.91462    0.78530910E+00
   0.92240    0.78723845E+00
   0.93018    0.78855778E+00
   0.93795    0.80000877E+00
   0.94280    0.79529834E+00
   0.94743    0.79488701E+00
   0.95184    0.79630793E+00
   0.95602    0.79735891E+00
   0.95997    0.79850879E+00
   0.96369    0.80027350E+00
   0.96717    0.80066988E+00
   0.97041    0.80309291E+00
   0.97341    0.80274961E+00
   0.97615    0.80584399E+00
   0.97866    0.80494304E+00
   0.98091    0.80875916E+00
   0.98290    0.80804504E+00
   0.98463    0.81247926E+00
   0.98610    0.81349961E+00
   0.98730    0.81947146E+00
   0.98823    0.82260022E+00
   0.98889    0.82235112E+00
   0.98926    0.79531067E+00
   0.98936    0.70613177E+00
