   0.00000    0.20720623E+01
   0.00164    0.28777843E+01
   0.00753    0.27616109E+01
   0.01471    0.25029744E+01
   0.02205    0.22784637E+01
   0.02950    0.20930998E+01
   0.03701    0.19580681E+01
   0.04458    0.18366073E+01
   0.05218    0.17444624E+01
   0.05982    0.16602438E+01
   0.06748    0.15933147E+01
   0.07516    0.15282985E+01
   0.08287    0.14772906E+01
   0.09059    0.14276455E+01
   0.09833    0.13866581E+01
   0.10608    0.13465060E+01
   0.11385    0.13129740E+01
   0.12163    0.12800262E+01
   0.12941    0.12528873E+01
   0.13721    0.12246779E+01
   0.14503    0.12011370E+01
   0.15285    0.11777137E+01
   0.16068    0.11584477E+01
   0.16851    0.11375026E+01
   0.17635    0.11211393E+01
   0.18420    0.11030219E+01
   0.19206    0.10885249E+01
   0.19992    0.10735447E+01
   0.20779    0.10605800E+01
   0.21567    0.10471825E+01
   0.22355    0.10359108E+01
   0.23144    0.10247630E+01
   0.23933    0.10145291E+01
   0.24722    0.10045117E+01
   0.25513    0.99513314E+00
   0.26303    0.98627175E+00
   0.27094    0.97874967E+00
   0.27886    0.97063091E+00
   0.28678    0.96340917E+00
   0.29470    0.95625915E+00
   0.30263    0.95029539E+00
   0.31056    0.94381632E+00
   0.31850    0.93820017E+00
   0.32643    0.93241097E+00
   0.33438    0.92747999E+00
   0.34232    0.92218872E+00
   0.35027    0.91794524E+00
   0.35822    0.91310008E+00
   0.36618    0.90923937E+00
   0.37413    0.90510557E+00
   0.38209    0.90141914E+00
   0.39006    0.89752475E+00
   0.39802    0.89408250E+00
   0.40599    0.89087629E+00
   0.41396    0.88781747E+00
   0.42194    0.88487129E+00
   0.42991    0.88198319E+00
   0.43789    0.87920910E+00
   0.44587    0.87668592E+00
   0.45386    0.87423154E+00
   0.46184    0.87185991E+00
   0.46983    0.86933625E+00
   0.47781    0.86762916E+00
   0.48580    0.86513523E+00
   0.49379    0.86343245E+00
   0.50178    0.86109222E+00
   0.50978    0.85949045E+00
   0.51778    0.85763821E+00
   0.52578    0.85607318E+00
   0.53378    0.85414393E+00
   0.54179    0.85261249E+00
   0.54979    0.85114244E+00
   0.55780    0.84954959E+00
   0.56581    0.84816672E+00
   0.57382    0.84645901E+00
   0.58183    0.84520996E+00
   0.58985    0.84384611E+00
   0.59786    0.84251066E+00
   0.60588    0.84114376E+00
   0.61390    0.83979804E+00
   0.62192    0.83875339E+00
   0.62994    0.83718383E+00
   0.63796    0.83629958E+00
   0.64598    0.83470305E+00
   0.65401    0.83371689E+00
   0.66203    0.83249999E+00
   0.67006    0.83126505E+00
   0.67809    0.82997170E+00
   0.68612    0.82896920E+00
   0.69415    0.82773743E+00
   0.70218    0.82664864E+00
   0.71021    0.82536507E+00
   0.71825    0.82405804E+00
   0.72629    0.82296492E+00
   0.73432    0.82190448E+00
   0.74236    0.82053115E+00
   0.75040    0.81937043E+00
   0.75844    0.81823643E+00
   0.76648    0.81712417E+00
   0.77453    0.81564107E+00
   0.78257    0.81467960E+00
   0.79062    0.81313883E+00
   0.79866    0.81209219E+00
   0.80671    0.81060747E+00
   0.81476    0.80951764E+00
   0.82281    0.80782160E+00
   0.83086    0.80690988E+00
   0.83891    0.80519778E+00
   0.84697    0.80415865E+00
   0.85502    0.80232744E+00
   0.86307    0.80130376E+00
   0.87113    0.79915368E+00
   0.87919    0.79856295E+00
   0.88725    0.79581533E+00
   0.89531    0.79563772E+00
   0.90337    0.79207004E+00
   0.91144    0.79300646E+00
   0.91950    0.78746785E+00
   0.92757    0.79063666E+00
   0.93564    0.79166976E+00
   0.94067    0.78904977E+00
   0.94547    0.78480092E+00
   0.95003    0.78567346E+00
   0.95436    0.78132299E+00
   0.95846    0.78281903E+00
   0.96231    0.77866933E+00
   0.96591    0.77997843E+00
   0.96927    0.77622108E+00
   0.97239    0.77745824E+00
   0.97525    0.77447439E+00
   0.97785    0.77614151E+00
   0.98020    0.77360985E+00
   0.98229    0.77586759E+00
   0.98411    0.77391266E+00
   0.98567    0.77777280E+00
   0.98696    0.77555798E+00
   0.98797    0.78259730E+00
   0.98872    0.76885406E+00
   0.98918    0.73930720E+00
   0.98936    0.70613177E+00
