   0.00000     0.10360311E+01    -0.28241530E+03    -0.10597473E+02    -0.26855395E+03     0.00000000E+00
   0.00360     0.27469116E+00    -0.33439997E+03     0.14478219E+02    -0.90380455E+02     0.00000000E+00
   0.00719    -0.13672531E+00    -0.26657633E+03     0.18560149E+02     0.93724280E+02     0.00000000E+00
   0.01079    -0.23527013E+00    -0.19314521E+03     0.11008889E+02     0.12692009E+03     0.00000000E+00
   0.01439    -0.24393113E+00    -0.14982687E+03     0.77893046E+01     0.11884097E+03     0.00000000E+00
   0.01799    -0.23730962E+00    -0.12134697E+03     0.51441294E+01     0.10547819E+03     0.00000000E+00
   0.02158    -0.21706205E+00    -0.10099479E+03     0.38656819E+01     0.92189114E+02     0.00000000E+00
   0.02518    -0.19574783E+00    -0.86574100E+02     0.29905023E+01     0.81519499E+02     0.00000000E+00
   0.02878    -0.17499740E+00    -0.74982216E+02     0.25044825E+01     0.72021072E+02     0.00000000E+00
   0.03237    -0.15228727E+00    -0.65986217E+02     0.19951933E+01     0.64219244E+02     0.00000000E+00
   0.03597    -0.13279539E+00    -0.58827058E+02     0.17087299E+01     0.57779131E+02     0.00000000E+00
   0.03957    -0.11247237E+00    -0.52763884E+02     0.15149338E+01     0.52181424E+02     0.00000000E+00
   0.04317    -0.94369430E-01    -0.47496763E+02     0.13114733E+01     0.47185344E+02     0.00000000E+00
   0.04676    -0.75802227E-01    -0.43075427E+02     0.11414045E+01     0.42920471E+02     0.00000000E+00
   0.05036    -0.59221929E-01    -0.39238461E+02     0.10190538E+01     0.39177280E+02     0.00000000E+00
   0.05396    -0.42459337E-01    -0.35852552E+02     0.92645475E+00     0.35839943E+02     0.00000000E+00
   0.05755    -0.27337006E-01    -0.32829079E+02     0.84382175E+00     0.32836887E+02     0.00000000E+00
   0.06115    -0.12096593E-01    -0.30088881E+02     0.75258400E+00     0.30097603E+02     0.00000000E+00
   0.06475     0.18606687E-02    -0.27681511E+02     0.67379440E+00     0.27681272E+02     0.00000000E+00
   0.06835     0.15719906E-01    -0.25530415E+02     0.63517052E+00     0.25514923E+02     0.00000000E+00
   0.07194     0.28467492E-01    -0.23518644E+02     0.60128890E+00     0.23483052E+02     0.00000000E+00
   0.07554     0.41240453E-01    -0.21649368E+02     0.54355861E+00     0.21593884E+02     0.00000000E+00
   0.07914     0.53082680E-01    -0.19991135E+02     0.50020223E+00     0.19917157E+02     0.00000000E+00
   0.08273     0.64736639E-01    -0.18449227E+02     0.47163326E+00     0.18355586E+02     0.00000000E+00
   0.08633     0.75716156E-01    -0.17014507E+02     0.43593355E+00     0.16905011E+02     0.00000000E+00
   0.08993     0.86484419E-01    -0.15714635E+02     0.41448817E+00     0.15588894E+02     0.00000000E+00
   0.09353     0.96659614E-01    -0.14458966E+02     0.38784118E+00     0.14320012E+02     0.00000000E+00
   0.09712     0.10666198E+00    -0.13321238E+02     0.35428572E+00     0.13173311E+02     0.00000000E+00
   0.10072     0.11613094E+00    -0.12262403E+02     0.33407127E+00     0.12106187E+02     0.00000000E+00
   0.10432     0.12537359E+00    -0.11272782E+02     0.32135705E+00     0.11108455E+02     0.00000000E+00
   0.10791     0.13420178E+00    -0.10316325E+02     0.29707178E+00     0.10148288E+02     0.00000000E+00
   0.11151     0.14283267E+00    -0.94494000E+01     0.27045110E+00     0.92819748E+01     0.00000000E+00
   0.11511     0.15105798E+00    -0.86404353E+01     0.25238225E+00     0.84738468E+01     0.00000000E+00
   0.11871     0.15908048E+00    -0.78875948E+01     0.23929394E+00     0.77236837E+01     0.00000000E+00
   0.12230     0.16674137E+00    -0.71770339E+01     0.23490180E+00     0.70151071E+01     0.00000000E+00
   0.12590     0.17421182E+00    -0.64853527E+01     0.22167674E+00     0.63290522E+01     0.00000000E+00
   0.12950     0.18141303E+00    -0.58519207E+01     0.20100945E+00     0.57046075E+01     0.00000000E+00
   0.13309     0.18837837E+00    -0.52683139E+01     0.19080417E+00     0.51292524E+01     0.00000000E+00
   0.13669     0.19508066E+00    -0.47111109E+01     0.18530553E+00     0.45796876E+01     0.00000000E+00
   0.14029     0.20157098E+00    -0.41766202E+01     0.17367935E+00     0.40552013E+01     0.00000000E+00
   0.14388     0.20784372E+00    -0.36808536E+01     0.15904536E+00     0.35710516E+01     0.00000000E+00
   0.14748     0.21391477E+00    -0.32193482E+01     0.14853816E+00     0.31210680E+01     0.00000000E+00
   0.15108     0.21979730E+00    -0.27829127E+01     0.14034057E+00     0.26962642E+01     0.00000000E+00
   0.15468     0.22548914E+00    -0.23697829E+01     0.13098677E+00     0.22957323E+01     0.00000000E+00
   0.15827     0.23099789E+00    -0.19830207E+01     0.12256865E+00     0.19219216E+01     0.00000000E+00
   0.16187     0.23631754E+00    -0.16166810E+01     0.11487326E+00     0.15690360E+01     0.00000000E+00
   0.16547     0.24147077E+00    -0.12734790E+01     0.10694316E+00     0.12396548E+01     0.00000000E+00
   0.16906     0.24645007E+00    -0.95108427E+00     0.10102107E+00     0.93132029E+00     0.00000000E+00
   0.17266     0.25128741E+00    -0.64678508E+00     0.94673268E-01     0.64127077E+00     0.00000000E+00
   0.17626     0.25596055E+00    -0.36280928E+00     0.88593390E-01     0.37142307E+00     0.00000000E+00
   0.17986     0.26050158E+00    -0.95642132E-01     0.84396734E-01     0.11874696E+00     0.00000000E+00
   0.18345     0.26489241E+00     0.15665572E+00     0.79537913E-01    -0.11918100E+00     0.00000000E+00
   0.18705     0.26914563E+00     0.39366693E+00     0.73243977E-01    -0.34227569E+00     0.00000000E+00
   0.19065     0.27326803E+00     0.61577978E+00     0.67554790E-01    -0.55097366E+00     0.00000000E+00
   0.19424     0.27726780E+00     0.82414610E+00     0.62144162E-01    -0.74618896E+00     0.00000000E+00
   0.19784     0.28114818E+00     0.10193119E+01     0.57371735E-01    -0.92834350E+00     0.00000000E+00
   0.20144     0.28491352E+00     0.12032233E+01     0.53020937E-01    -0.10987513E+01     0.00000000E+00
   0.20504     0.28856589E+00     0.13742554E+01     0.48770701E-01    -0.12565118E+01     0.00000000E+00
   0.20863     0.29210566E+00     0.15348005E+01     0.45255056E-01    -0.14044332E+01     0.00000000E+00
   0.21223     0.29553727E+00     0.16843906E+01     0.42117146E-01    -0.15424781E+01     0.00000000E+00
   0.21583     0.29887116E+00     0.18275828E+01     0.38206047E-01    -0.16727952E+01     0.00000000E+00
   0.21942     0.30212072E+00     0.19558925E+01     0.34402100E-01    -0.17887464E+01     0.00000000E+00
   0.22302     0.30525249E+00     0.20777313E+01     0.32007588E-01    -0.19008924E+01     0.00000000E+00
   0.22662     0.30832354E+00     0.21933589E+01     0.28956634E-01    -0.20053217E+01     0.00000000E+00
   0.23022     0.31129172E+00     0.22993256E+01     0.25673209E-01    -0.21005650E+01     0.00000000E+00
   0.23381     0.31419258E+00     0.23993916E+01     0.22190036E-01    -0.21889398E+01     0.00000000E+00
   0.23741     0.31700560E+00     0.24870512E+01     0.19164942E-01    -0.22666433E+01     0.00000000E+00
   0.24101     0.31972542E+00     0.25716801E+01     0.18113635E-01    -0.23431442E+01     0.00000000E+00
   0.24460     0.32239312E+00     0.26510857E+01     0.16469079E-01    -0.24136675E+01     0.00000000E+00
   0.24820     0.32497391E+00     0.27254789E+01     0.12904667E-01    -0.24774201E+01     0.00000000E+00
   0.25180     0.32751730E+00     0.27869704E+01     0.10490169E-01    -0.25300899E+01     0.00000000E+00
   0.25540     0.32994345E+00     0.28474435E+01     0.96443697E-02    -0.25839509E+01     0.00000000E+00
   0.25899     0.33235883E+00     0.29027468E+01     0.85320300E-02    -0.26316420E+01     0.00000000E+00
   0.26259     0.33465186E+00     0.29543943E+01     0.68336914E-02    -0.26761391E+01     0.00000000E+00
   0.26619     0.33696156E+00     0.30009304E+01     0.36849273E-02    -0.27133285E+01     0.00000000E+00
   0.26978     0.33914338E+00     0.30359976E+01     0.19880361E-02    -0.27425513E+01     0.00000000E+00
   0.27338     0.34131780E+00     0.30741273E+01     0.19591616E-02    -0.27753796E+01     0.00000000E+00
   0.27698     0.34339916E+00     0.31056853E+01     0.62924364E-03    -0.28011286E+01     0.00000000E+00
   0.28058     0.34544888E+00     0.31364898E+01    -0.18542080E-02    -0.28249325E+01     0.00000000E+00
   0.28417     0.34743468E+00     0.31559864E+01    -0.31438395E-02    -0.28396397E+01     0.00000000E+00
   0.28777     0.34936763E+00     0.31799310E+01    -0.33637901E-02    -0.28595457E+01     0.00000000E+00
   0.29137     0.35126946E+00     0.31969440E+01    -0.58394129E-02    -0.28707074E+01     0.00000000E+00
   0.29496     0.35312351E+00     0.32100701E+01    -0.53542884E-02    -0.28805150E+01     0.00000000E+00
   0.29856     0.35492582E+00     0.32246265E+01    -0.79147368E-02    -0.28893955E+01     0.00000000E+00
   0.30216     0.35670075E+00     0.32271621E+01    -0.91239047E-02    -0.28886452E+01     0.00000000E+00
   0.30576     0.35837882E+00     0.32362793E+01    -0.74836963E-02    -0.28960591E+01     0.00000000E+00
   0.30935     0.36006607E+00     0.32427376E+01    -0.93860267E-02    -0.28972922E+01     0.00000000E+00
   0.31295     0.36166442E+00     0.32416167E+01    -0.11137037E-01    -0.28916592E+01     0.00000000E+00
   0.31655     0.36324806E+00     0.32383025E+01    -0.12019416E-01    -0.28872950E+01     0.00000000E+00
   0.32014     0.36475672E+00     0.32371105E+01    -0.11139044E-01    -0.28840141E+01     0.00000000E+00
   0.32374     0.36628252E+00     0.32329902E+01    -0.10550498E-01    -0.28782613E+01     0.00000000E+00
   0.32734     0.36769281E+00     0.32324847E+01    -0.11233430E-01    -0.28744720E+01     0.00000000E+00
   0.33094     0.36916823E+00     0.32238713E+01    -0.13731410E-01    -0.28606542E+01     0.00000000E+00
   0.33453     0.37048607E+00     0.32102569E+01    -0.14103475E-01    -0.28469420E+01     0.00000000E+00
   0.33813     0.37186812E+00     0.32041655E+01    -0.10684469E-01    -0.28399590E+01     0.00000000E+00
   0.34173     0.37311888E+00     0.31960453E+01    -0.13380800E-01    -0.28285289E+01     0.00000000E+00
   0.34532     0.37443048E+00     0.31807495E+01    -0.14429567E-01    -0.28100065E+01     0.00000000E+00
   0.34892     0.37560180E+00     0.31641825E+01    -0.13923508E-01    -0.27951678E+01     0.00000000E+00
   0.35252     0.37682626E+00     0.31551588E+01    -0.12039449E-01    -0.27844936E+01     0.00000000E+00
   0.35612     0.37794362E+00     0.31383124E+01    -0.15435092E-01    -0.27657858E+01     0.00000000E+00
   0.35971     0.37910548E+00     0.31194485E+01    -0.13997582E-01    -0.27466953E+01     0.00000000E+00
   0.36331     0.38012376E+00     0.31039167E+01    -0.15089382E-01    -0.27299361E+01     0.00000000E+00
   0.36691     0.38126062E+00     0.30809598E+01    -0.15092282E-01    -0.27061705E+01     0.00000000E+00
   0.37050     0.38215599E+00     0.30631587E+01    -0.14423580E-01    -0.26884445E+01     0.00000000E+00
   0.37410     0.38324413E+00     0.30437072E+01    -0.13826742E-01    -0.26675197E+01     0.00000000E+00
   0.37770     0.38407404E+00     0.30256789E+01    -0.14259207E-01    -0.26465603E+01     0.00000000E+00
   0.38129     0.38505349E+00     0.30051391E+01    -0.12490676E-01    -0.26259758E+01     0.00000000E+00
   0.38489     0.38584401E+00     0.29976958E+01    -0.92438459E-02    -0.26160931E+01     0.00000000E+00
   0.38849     0.38670346E+00     0.29926860E+01    -0.74098113E-02    -0.26072150E+01     0.00000000E+00
   0.39209     0.38746596E+00     0.29979645E+01    -0.21489594E-02    -0.26071735E+01     0.00000000E+00
   0.39568     0.38827019E+00     0.30156405E+01    -0.72166289E-03    -0.26163046E+01     0.00000000E+00
   0.39928     0.38897626E+00     0.30379077E+01     0.54636431E-02    -0.26290267E+01     0.00000000E+00
   0.40288     0.38977047E+00     0.30799378E+01     0.65725113E-02    -0.26629800E+01     0.00000000E+00
   0.40647     0.39047784E+00     0.31289185E+01     0.15930233E-01    -0.26968007E+01     0.00000000E+00
   0.41007     0.39119731E+00     0.31916377E+01     0.70200407E-02    -0.27495312E+01     0.00000000E+00
   0.41367     0.39197641E+00     0.32448059E+01     0.22464964E-01    -0.27834852E+01     0.00000000E+00
   0.41727     0.39265455E+00     0.33180702E+01    -0.69966985E-03    -0.28583610E+01     0.00000000E+00
   0.42086     0.39361923E+00     0.33687102E+01     0.85705589E-01    -0.28536843E+01     0.00000000E+00
   0.42446     0.39427889E+00     0.35284845E+01     0.58605627E-01    -0.29957935E+01     0.00000000E+00
   0.42806     0.40000438E+00     0.33419545E+01    -0.37292753E+00    -0.30567212E+01     0.00000000E+00
   0.43165     0.39764917E+00     0.33317966E+01     0.71169966E-01    -0.28276834E+01     0.00000000E+00
   0.43525     0.39744350E+00     0.33546132E+01     0.72546099E-01    -0.28542987E+01     0.00000000E+00
   0.43885     0.39815397E+00     0.33374683E+01    -0.26865628E-02    -0.28820338E+01     0.00000000E+00
   0.44245     0.39867946E+00     0.31738613E+01    -0.42555326E-01    -0.27612910E+01     0.00000000E+00
   0.44604     0.39925440E+00     0.30432990E+01    -0.57080137E-01    -0.26558071E+01     0.00000000E+00
   0.44964     0.40013675E+00     0.27583465E+01    -0.10154425E+00    -0.24286963E+01     0.00000000E+00
   0.45324     0.40033494E+00     0.24679418E+01    -0.10554122E+00    -0.21763892E+01     0.00000000E+00
   0.45683     0.40154646E+00     0.20274061E+01    -0.16431421E+00    -0.18211278E+01     0.00000000E+00
   0.46043     0.40137481E+00     0.15213170E+01    -0.16766827E+00    -0.13838059E+01     0.00000000E+00
   0.46403     0.40292200E+00     0.85220818E+00    -0.25623453E+00    -0.85852425E+00     0.00000000E+00
   0.46763     0.40247152E+00     0.28771372E-01    -0.25374324E+00    -0.16135656E+00     0.00000000E+00
   0.47122     0.40437958E+00    -0.10203133E+01    -0.41540900E+00     0.61510445E+00     0.00000000E+00
   0.47482     0.40402252E+00    -0.24333083E+01    -0.42076605E+00     0.17291540E+01     0.00000000E+00
   0.47842     0.40623963E+00    -0.42295418E+01    -0.73158764E+00     0.28738999E+01     0.00000000E+00
   0.48201     0.40674980E+00    -0.68876257E+01    -0.79563294E+00     0.46006756E+01     0.00000000E+00
   0.48561     0.40973573E+00    -0.10487218E+02    -0.16692239E+01     0.58671697E+01     0.00000000E+00
   0.48921     0.41130011E+00    -0.16130562E+02    -0.23724958E+01     0.71318356E+01     0.00000000E+00
   0.49281     0.41117556E+00    -0.24711002E+02    -0.46453917E+01     0.29031501E+01     0.00000000E+00
   0.49640     0.39765534E+00    -0.31469723E+02     0.26717938E+01    -0.92183218E+01     0.00000000E+00
   0.50000     0.35306589E+00    -0.10470520E+02     0.14171745E+02    -0.13971172E+02     0.00000000E+00
   0.50360     0.36965360E+00     0.23732404E+02     0.87687041E+01    -0.12823961E+02     0.00000000E+00
   0.50719     0.38442703E+00     0.33735669E+02    -0.23072557E-01    -0.25552271E+02     0.00000000E+00
   0.51079     0.39129865E+00     0.32312999E+02    -0.30181561E+00    -0.29468085E+02     0.00000000E+00
   0.51439     0.38777899E+00     0.30175956E+02    -0.50223746E+00    -0.28956569E+02     0.00000000E+00
   0.51799     0.38888640E+00     0.28711393E+02    -0.25980635E+00    -0.28244666E+02     0.00000000E+00
   0.52158     0.38695633E+00     0.27492481E+02    -0.23247284E+00    -0.27309075E+02     0.00000000E+00
   0.52518     0.38793379E+00     0.26676922E+02    -0.14404662E+00    -0.26610573E+02     0.00000000E+00
   0.52878     0.38680492E+00     0.26120701E+02    -0.10997079E+00    -0.26102613E+02     0.00000000E+00
   0.53237     0.38807076E+00     0.25594907E+02    -0.98748055E-01    -0.25591659E+02     0.00000000E+00
   0.53597     0.38723720E+00     0.25264998E+02    -0.45939755E-01    -0.25265003E+02     0.00000000E+00
   0.53957     0.38872912E+00     0.24953063E+02    -0.57174722E-01    -0.24952816E+02     0.00000000E+00
   0.54317     0.38811054E+00     0.24801581E+02    -0.24303445E-01    -0.24798800E+02     0.00000000E+00
   0.54676     0.38998921E+00     0.24499406E+02    -0.74742063E-01    -0.24494613E+02     0.00000000E+00
   0.55036     0.38933467E+00     0.24316777E+02    -0.39993088E-01    -0.24309268E+02     0.00000000E+00
   0.55396     0.39140952E+00     0.24043431E+02    -0.70909301E-01    -0.24035193E+02     0.00000000E+00
   0.55755     0.39066149E+00     0.23867726E+02    -0.22289136E-01    -0.23858090E+02     0.00000000E+00
   0.56115     0.39283673E+00     0.23650519E+02    -0.49377302E-01    -0.23641911E+02     0.00000000E+00
   0.56475     0.39240046E+00     0.23462575E+02     0.11366850E+00    -0.23451275E+02     0.00000000E+00
   0.56835     0.39452489E+00     0.23340046E+02    -0.44322741E-01    -0.23335271E+02     0.00000000E+00
   0.57194     0.39583488E+00     0.23838050E+02    -0.36312290E+00    -0.23840756E+02     0.00000000E+00
   0.57554     0.39531833E+00     0.23426263E+02     0.26850456E+00    -0.23417466E+02     0.00000000E+00
   0.57914     0.39373392E+00     0.23289522E+02    -0.49353009E-01    -0.23284418E+02     0.00000000E+00
   0.58273     0.39650323E+00     0.23259347E+02     0.14101370E-01    -0.23251352E+02     0.00000000E+00
   0.58633     0.39603502E+00     0.23156181E+02    -0.15974797E-02    -0.23148622E+02     0.00000000E+00
   0.58993     0.39781886E+00     0.23232265E+02     0.10465917E-01    -0.23222812E+02     0.00000000E+00
   0.59353     0.39790766E+00     0.23203300E+02    -0.88046877E-04    -0.23191591E+02     0.00000000E+00
   0.59712     0.39928148E+00     0.23241143E+02     0.15301311E-02    -0.23227472E+02     0.00000000E+00
   0.60072     0.39957684E+00     0.23235885E+02     0.10514217E-01    -0.23220899E+02     0.00000000E+00
   0.60432     0.40065188E+00     0.23316290E+02     0.10413563E-01    -0.23299258E+02     0.00000000E+00
   0.60791     0.40116372E+00     0.23338089E+02     0.27067333E-02    -0.23317902E+02     0.00000000E+00
   0.61151     0.40207932E+00     0.23374318E+02     0.85250128E-02    -0.23352487E+02     0.00000000E+00
   0.61511     0.40259889E+00     0.23433780E+02     0.85487375E-02    -0.23409326E+02     0.00000000E+00
   0.61871     0.40345494E+00     0.23466348E+02     0.16571014E-01    -0.23440147E+02     0.00000000E+00
   0.62230     0.40391080E+00     0.23563622E+02     0.24193085E-01    -0.23535560E+02     0.00000000E+00
   0.62590     0.40475882E+00     0.23642063E+02     0.15039640E-01    -0.23609952E+02     0.00000000E+00
   0.62950     0.40530373E+00     0.23702498E+02     0.14501890E-01    -0.23667217E+02     0.00000000E+00
   0.63309     0.40604610E+00     0.23771775E+02     0.24077619E-01    -0.23734247E+02     0.00000000E+00
   0.63669     0.40656942E+00     0.23874121E+02     0.22085231E-01    -0.23833167E+02     0.00000000E+00
   0.64029     0.40733980E+00     0.23941777E+02     0.22836289E-01    -0.23897131E+02     0.00000000E+00
   0.64388     0.40782054E+00     0.24039321E+02     0.29686336E-01    -0.23992247E+02     0.00000000E+00
   0.64748     0.40856208E+00     0.24144804E+02     0.19354255E-01    -0.24092439E+02     0.00000000E+00
   0.65108     0.40911821E+00     0.24198746E+02     0.27054118E-01    -0.24143770E+02     0.00000000E+00
   0.65468     0.40968522E+00     0.24328397E+02     0.46681103E-01    -0.24271836E+02     0.00000000E+00
   0.65827     0.41026558E+00     0.24467397E+02     0.35757229E-01    -0.24404942E+02     0.00000000E+00
   0.66187     0.41095224E+00     0.24561984E+02     0.23889431E-01    -0.24493494E+02     0.00000000E+00
   0.66547     0.41148246E+00     0.24649463E+02     0.45286214E-01    -0.24579159E+02     0.00000000E+00
   0.66906     0.41202902E+00     0.24819571E+02     0.56082555E-01    -0.24745662E+02     0.00000000E+00
   0.67266     0.41268254E+00     0.24959069E+02     0.35480448E-01    -0.24876579E+02     0.00000000E+00
   0.67626     0.41332432E+00     0.25050538E+02     0.32944662E-01    -0.24962850E+02     0.00000000E+00
   0.67986     0.41386871E+00     0.25179807E+02     0.43242552E-01    -0.25088196E+02     0.00000000E+00
   0.68345     0.41448460E+00     0.25309357E+02     0.53765665E-01    -0.25213711E+02     0.00000000E+00
   0.68705     0.41498585E+00     0.25478116E+02     0.65693332E-01    -0.25378075E+02     0.00000000E+00
   0.69065     0.41563252E+00     0.25654183E+02     0.55058622E-01    -0.25545826E+02     0.00000000E+00
   0.69424     0.41625000E+00     0.25789306E+02     0.43874934E-01    -0.25672470E+02     0.00000000E+00
   0.69784     0.41685844E+00     0.25922139E+02     0.67472410E-01    -0.25802519E+02     0.00000000E+00
   0.70144     0.41735153E+00     0.26142958E+02     0.69742046E-01    -0.26015854E+02     0.00000000E+00
   0.70504     0.41814979E+00     0.26288786E+02     0.61099609E-01    -0.26152057E+02     0.00000000E+00
   0.70863     0.41859192E+00     0.26473960E+02     0.71917407E-01    -0.26331858E+02     0.00000000E+00
   0.71223     0.41937669E+00     0.26668005E+02     0.65337560E-01    -0.26515151E+02     0.00000000E+00
   0.71583     0.41989902E+00     0.26824970E+02     0.77662549E-01    -0.26666373E+02     0.00000000E+00
   0.71942     0.42057188E+00     0.27068854E+02     0.84104714E-01    -0.26900815E+02     0.00000000E+00
   0.72302     0.42125533E+00     0.27245798E+02     0.74321226E-01    -0.27066339E+02     0.00000000E+00
   0.72662     0.42192306E+00     0.27460613E+02     0.77162113E-01    -0.27271582E+02     0.00000000E+00
   0.73022     0.42260498E+00     0.27651942E+02     0.96622803E-01    -0.27455362E+02     0.00000000E+00
   0.73381     0.42322950E+00     0.27932043E+02     0.10365255E+00    -0.27724413E+02     0.00000000E+00
   0.73741     0.42408336E+00     0.28148402E+02     0.85693341E-01    -0.27924097E+02     0.00000000E+00
   0.74101     0.42477480E+00     0.28366212E+02     0.87880345E-01    -0.28131008E+02     0.00000000E+00
   0.74460     0.42557122E+00     0.28603623E+02     0.97329447E-01    -0.28356109E+02     0.00000000E+00
   0.74820     0.42630624E+00     0.28852651E+02     0.11879501E+00    -0.28595588E+02     0.00000000E+00
   0.75180     0.42707196E+00     0.29165427E+02     0.11851309E+00    -0.28891091E+02     0.00000000E+00
   0.75540     0.42803659E+00     0.29408309E+02     0.99765738E-01    -0.29114020E+02     0.00000000E+00
   0.75899     0.42881910E+00     0.29665773E+02     0.10785918E+00    -0.29357389E+02     0.00000000E+00
   0.76259     0.42974522E+00     0.29949127E+02     0.13647118E+00    -0.29628511E+02     0.00000000E+00
   0.76619     0.43054611E+00     0.30300902E+02     0.13971260E+00    -0.29959557E+02     0.00000000E+00
   0.76978     0.43171623E+00     0.30588485E+02     0.12748687E+00    -0.30222758E+02     0.00000000E+00
   0.77338     0.43256762E+00     0.30900442E+02     0.12481459E+00    -0.30513581E+02     0.00000000E+00
   0.77698     0.43381458E+00     0.31192536E+02     0.12869562E+00    -0.30783370E+02     0.00000000E+00
   0.78058     0.43466812E+00     0.31523325E+02     0.15916256E+00    -0.31098836E+02     0.00000000E+00
   0.78417     0.43592996E+00     0.31927763E+02     0.15353094E+00    -0.31472259E+02     0.00000000E+00
   0.78777     0.43711577E+00     0.32226004E+02     0.14285048E+00    -0.31740844E+02     0.00000000E+00
   0.79137     0.43834296E+00     0.32606948E+02     0.16306615E+00    -0.32098729E+02     0.00000000E+00
   0.79496     0.43960455E+00     0.32988278E+02     0.17605940E+00    -0.32450251E+02     0.00000000E+00
   0.79856     0.44099160E+00     0.33404355E+02     0.17202928E+00    -0.32830277E+02     0.00000000E+00
   0.80216     0.44243565E+00     0.33773981E+02     0.16708075E+00    -0.33163286E+02     0.00000000E+00
   0.80576     0.44390874E+00     0.34186081E+02     0.17638590E+00    -0.33542109E+02     0.00000000E+00
   0.80935     0.44543814E+00     0.34606360E+02     0.19517919E+00    -0.33926015E+02     0.00000000E+00
   0.81295     0.44704125E+00     0.35082421E+02     0.21723492E+00    -0.34362762E+02     0.00000000E+00
   0.81655     0.44876238E+00     0.35569959E+02     0.21072889E+00    -0.34796792E+02     0.00000000E+00
   0.82014     0.45070957E+00     0.36010474E+02     0.19577740E+00    -0.35184069E+02     0.00000000E+00
   0.82374     0.45255279E+00     0.36469239E+02     0.19877981E+00    -0.35592947E+02     0.00000000E+00
   0.82734     0.45461968E+00     0.36946020E+02     0.22365075E+00    -0.36023029E+02     0.00000000E+00
   0.83094     0.45655004E+00     0.37503186E+02     0.23891516E+00    -0.36521559E+02     0.00000000E+00
   0.83453     0.45897262E+00     0.38025331E+02     0.23792767E+00    -0.36976297E+02     0.00000000E+00
   0.83813     0.46109436E+00     0.38585139E+02     0.25346731E+00    -0.37472403E+02     0.00000000E+00
   0.84173     0.46374000E+00     0.39179408E+02     0.26025370E+00    -0.37989724E+02     0.00000000E+00
   0.84532     0.46620549E+00     0.39759546E+02     0.26690474E+00    -0.38490035E+02     0.00000000E+00
   0.84892     0.46910009E+00     0.40389508E+02     0.27838667E+00    -0.39034014E+02     0.00000000E+00
   0.85252     0.47190816E+00     0.41010554E+02     0.26985213E+00    -0.39557372E+02     0.00000000E+00
   0.85612     0.47514769E+00     0.41627778E+02     0.28039370E+00    -0.40081574E+02     0.00000000E+00
   0.85971     0.47812958E+00     0.42326247E+02     0.32459888E+00    -0.40685825E+02     0.00000000E+00
   0.86331     0.48170458E+00     0.43101738E+02     0.34192846E+00    -0.41337802E+02     0.00000000E+00
   0.86691     0.48531545E+00     0.43819448E+02     0.30652617E+00    -0.41911638E+02     0.00000000E+00
   0.87050     0.48937483E+00     0.44497026E+02     0.30791163E+00    -0.42462078E+02     0.00000000E+00
   0.87410     0.49313587E+00     0.45301466E+02     0.37158547E+00    -0.43144195E+02     0.00000000E+00
   0.87770     0.49756657E+00     0.46223247E+02     0.39340168E+00    -0.43892692E+02     0.00000000E+00
   0.88129     0.50225587E+00     0.47039156E+02     0.36188744E+00    -0.44510889E+02     0.00000000E+00
   0.88489     0.50726453E+00     0.47863945E+02     0.36488676E+00    -0.45155279E+02     0.00000000E+00
   0.88849     0.51238148E+00     0.48765334E+02     0.38528897E+00    -0.45857968E+02     0.00000000E+00
   0.89209     0.51795542E+00     0.49704243E+02     0.43996440E+00    -0.46596833E+02     0.00000000E+00
   0.89568     0.52359123E+00     0.50831489E+02     0.47281011E+00    -0.47466509E+02     0.00000000E+00
   0.89928     0.53029002E+00     0.51842005E+02     0.45531055E+00    -0.48184540E+02     0.00000000E+00
   0.90288     0.53677235E+00     0.52922318E+02     0.45711940E+00    -0.48969175E+02     0.00000000E+00
   0.90647     0.54426244E+00     0.54037012E+02     0.50885824E+00    -0.49777705E+02     0.00000000E+00
   0.91007     0.55151096E+00     0.55349992E+02     0.52719804E+00    -0.50712507E+02     0.00000000E+00
   0.91367     0.56056965E+00     0.56519041E+02     0.54064313E+00    -0.51467677E+02     0.00000000E+00
   0.91727     0.56875132E+00     0.57890854E+02     0.57584866E+00    -0.52406066E+02     0.00000000E+00
   0.92086     0.57922385E+00     0.59263645E+02     0.58985959E+00    -0.53267225E+02     0.00000000E+00
   0.92446     0.58885684E+00     0.60696434E+02     0.62934462E+00    -0.54175603E+02     0.00000000E+00
   0.92806     0.60056852E+00     0.62356107E+02     0.69578744E+00    -0.55213668E+02     0.00000000E+00
   0.93165     0.61233895E+00     0.64040888E+02     0.70334003E+00    -0.56148911E+02     0.00000000E+00
   0.93525     0.62644365E+00     0.65691122E+02     0.71218809E+00    -0.57000883E+02     0.00000000E+00
   0.93885     0.64001310E+00     0.67535001E+02     0.78496830E+00    -0.57986323E+02     0.00000000E+00
   0.94245     0.65648701E+00     0.69627403E+02     0.86679575E+00    -0.59039195E+02     0.00000000E+00
   0.94604     0.67325302E+00     0.71797685E+02     0.90949700E+00    -0.59967850E+02     0.00000000E+00
   0.94964     0.69332906E+00     0.74052012E+02     0.95741760E+00    -0.60826403E+02     0.00000000E+00
   0.95324     0.71382276E+00     0.76518144E+02     0.10175777E+01    -0.61644857E+02     0.00000000E+00
   0.95683     0.73864529E+00     0.79103455E+02     0.11288799E+01    -0.62351156E+02     0.00000000E+00
   0.96043     0.76414926E+00     0.82175591E+02     0.12595450E+01    -0.63039654E+02     0.00000000E+00
   0.96403     0.79665735E+00     0.85151522E+02     0.13079659E+01    -0.63115428E+02     0.00000000E+00
   0.96763     0.83012188E+00     0.88256615E+02     0.14062498E+01    -0.62870014E+02     0.00000000E+00
   0.97122     0.87223122E+00     0.91767329E+02     0.16123347E+01    -0.62172790E+02     0.00000000E+00
   0.97482     0.91830367E+00     0.95455695E+02     0.17835333E+01    -0.60260297E+02     0.00000000E+00
   0.97842     0.97903404E+00     0.98441468E+02     0.19489076E+01    -0.56278897E+02     0.00000000E+00
   0.98201     0.10465499E+01     0.10071381E+03     0.21843008E+01    -0.49550062E+02     0.00000000E+00
   0.98561     0.11392318E+01     0.10001028E+03     0.21969748E+01    -0.37637935E+02     0.00000000E+00
   0.98921     0.12514872E+01     0.89156028E+02     0.13139630E+01    -0.17651358E+02     0.00000000E+00
   0.99281     0.13808054E+01     0.49899955E+02    -0.47684859E+01     0.17723877E+01     0.00000000E+00
   0.99640     0.14388921E+01    -0.81445575E+02    -0.16787996E+02    -0.69610108E+02     0.00000000E+00
   1.00000     0.10360311E+01    -0.28241530E+03    -0.10597473E+02    -0.26855395E+03     0.00000000E+00
