   0.00000     0.40635971E+00    -0.15967649E+03    -0.79729399E+01    -0.15452950E+03     0.00000000E+00
   0.00360    -0.28588076E-01    -0.21092158E+03     0.68151747E+01    -0.68834704E+02     0.00000000E+00
   0.00719    -0.26647785E+00    -0.17973350E+03     0.10870407E+02     0.52807319E+02     0.00000000E+00
   0.01079    -0.36792360E+00    -0.13824311E+03     0.88413725E+01     0.82597699E+02     0.00000000E+00
   0.01439    -0.39289059E+00    -0.11047242E+03     0.47506824E+01     0.83321904E+02     0.00000000E+00
   0.01799    -0.40574911E+00    -0.92034569E+02     0.37520238E+01     0.76696036E+02     0.00000000E+00
   0.02158    -0.40251381E+00    -0.78607530E+02     0.27524310E+01     0.69442259E+02     0.00000000E+00
   0.02518    -0.40214250E+00    -0.68886883E+02     0.21843290E+01     0.63153013E+02     0.00000000E+00
   0.02878    -0.39480550E+00    -0.60953480E+02     0.17993461E+01     0.57286635E+02     0.00000000E+00
   0.03237    -0.38993926E+00    -0.54672079E+02     0.14683929E+01     0.52244141E+02     0.00000000E+00
   0.03597    -0.38136056E+00    -0.49727901E+02     0.12573069E+01     0.48106540E+02     0.00000000E+00
   0.03957    -0.37638030E+00    -0.45470315E+02     0.11313516E+01     0.44413426E+02     0.00000000E+00
   0.04317    -0.36750436E+00    -0.41700457E+02     0.97169438E+00     0.41012651E+02     0.00000000E+00
   0.04676    -0.36200258E+00    -0.38576673E+02     0.85815297E+00     0.38126957E+02     0.00000000E+00
   0.05036    -0.35364493E+00    -0.35798370E+02     0.77352890E+00     0.35518181E+02     0.00000000E+00
   0.05396    -0.34820667E+00    -0.33375242E+02     0.70752994E+00     0.33208562E+02     0.00000000E+00
   0.05755    -0.34036076E+00    -0.31165489E+02     0.65217791E+00     0.31075988E+02     0.00000000E+00
   0.06115    -0.33500865E+00    -0.29167996E+02     0.58518797E+00     0.29124639E+02     0.00000000E+00
   0.06475    -0.32757260E+00    -0.27389784E+02     0.52737086E+00     0.27372905E+02     0.00000000E+00
   0.06835    -0.32243580E+00    -0.25823511E+02     0.50217803E+00     0.25822380E+02     0.00000000E+00
   0.07194    -0.31559367E+00    -0.24317398E+02     0.47917289E+00     0.24321987E+02     0.00000000E+00
   0.07554    -0.31055355E+00    -0.22921513E+02     0.43400941E+00     0.22923907E+02     0.00000000E+00
   0.07914    -0.30404728E+00    -0.21666548E+02     0.40160243E+00     0.21662788E+02     0.00000000E+00
   0.08273    -0.29926231E+00    -0.20511467E+02     0.38242063E+00     0.20497726E+02     0.00000000E+00
   0.08633    -0.29314217E+00    -0.19400917E+02     0.35675555E+00     0.19376154E+02     0.00000000E+00
   0.08993    -0.28853382E+00    -0.18418341E+02     0.34335604E+00     0.18379953E+02     0.00000000E+00
   0.09353    -0.28282806E+00    -0.17425126E+02     0.32436031E+00     0.17372832E+02     0.00000000E+00
   0.09712    -0.27830967E+00    -0.16546556E+02     0.29766362E+00     0.16481825E+02     0.00000000E+00
   0.10072    -0.27293813E+00    -0.15706201E+02     0.28690002E+00     0.15628393E+02     0.00000000E+00
   0.10432    -0.26863226E+00    -0.14927880E+02     0.28295386E+00     0.14835295E+02     0.00000000E+00
   0.10791    -0.26356044E+00    -0.14138784E+02     0.26464679E+00     0.14033991E+02     0.00000000E+00
   0.11151    -0.25936031E+00    -0.13441723E+02     0.24163313E+00     0.13327855E+02     0.00000000E+00
   0.11511    -0.25457888E+00    -0.12773520E+02     0.22877287E+00     0.12650050E+02     0.00000000E+00
   0.11871    -0.25053892E+00    -0.12158192E+02     0.22003282E+00     0.12025718E+02     0.00000000E+00
   0.12230    -0.24602891E+00    -0.11561270E+02     0.22090541E+00     0.11417362E+02     0.00000000E+00
   0.12590    -0.24217049E+00    -0.10965052E+02     0.20976370E+00     0.10812998E+02     0.00000000E+00
   0.12950    -0.23783528E+00    -0.10412079E+02     0.18797313E+00     0.10256730E+02     0.00000000E+00
   0.13309    -0.23413243E+00    -0.99135700E+01     0.18076733E+00     0.97528746E+01     0.00000000E+00
   0.13669    -0.23005637E+00    -0.94191197E+01     0.18263675E+00     0.92512617E+01     0.00000000E+00
   0.14029    -0.22650333E+00    -0.89330505E+01     0.17419875E+00     0.87611617E+01     0.00000000E+00
   0.14388    -0.22259013E+00    -0.84759647E+01     0.16026313E+00     0.83033466E+01     0.00000000E+00
   0.14748    -0.21916874E+00    -0.80544333E+01     0.15314706E+00     0.78802879E+01     0.00000000E+00
   0.15108    -0.21545587E+00    -0.76434650E+01     0.15040266E+00     0.74672743E+01     0.00000000E+00
   0.15468    -0.21217288E+00    -0.72473240E+01     0.14402711E+00     0.70707582E+01     0.00000000E+00
   0.15827    -0.20862949E+00    -0.68711180E+01     0.13886850E+00     0.66946989E+01     0.00000000E+00
   0.16187    -0.20549158E+00    -0.65067523E+01     0.13336534E+00     0.63308440E+01     0.00000000E+00
   0.16547    -0.20210446E+00    -0.61589098E+01     0.12627567E+00     0.59852044E+01     0.00000000E+00
   0.16906    -0.19910694E+00    -0.58304820E+01     0.12253855E+00     0.56580967E+01     0.00000000E+00
   0.17266    -0.19587841E+00    -0.55057725E+01     0.11632554E+00     0.53364207E+01     0.00000000E+00
   0.17626    -0.19298361E+00    -0.52056437E+01     0.10850359E+00     0.50402690E+01     0.00000000E+00
   0.17986    -0.18990757E+00    -0.49167116E+01     0.10427526E+00     0.47547900E+01     0.00000000E+00
   0.18345    -0.18714254E+00    -0.46410468E+01     0.10264241E+00     0.44819054E+01     0.00000000E+00
   0.18705    -0.18420779E+00    -0.43666453E+01     0.10024726E+00     0.42107881E+01     0.00000000E+00
   0.19065    -0.18154917E+00    -0.41045225E+01     0.94252213E-01     0.39539160E+01     0.00000000E+00
   0.19424    -0.17874528E+00    -0.38564305E+01     0.88998433E-01     0.37111438E+01     0.00000000E+00
   0.19784    -0.17619050E+00    -0.36191056E+01     0.84766387E-01     0.34794120E+01     0.00000000E+00
   0.20144    -0.17351251E+00    -0.33932225E+01     0.82567929E-01     0.32584702E+01     0.00000000E+00
   0.20504    -0.17106942E+00    -0.31711996E+01     0.80364482E-01     0.30417822E+01     0.00000000E+00
   0.20863    -0.16850574E+00    -0.29589775E+01     0.76503460E-01     0.28355328E+01     0.00000000E+00
   0.21223    -0.16616398E+00    -0.27553443E+01     0.71690472E-01     0.26385574E+01     0.00000000E+00
   0.21583    -0.16371530E+00    -0.25646745E+01     0.70153550E-01     0.24533326E+01     0.00000000E+00
   0.21942    -0.16147704E+00    -0.23726236E+01     0.68214476E-01     0.22671496E+01     0.00000000E+00
   0.22302    -0.15912528E+00    -0.21923925E+01     0.63078919E-01     0.20941348E+01     0.00000000E+00
   0.22662    -0.15698427E+00    -0.20220581E+01     0.60389756E-01     0.19299458E+01     0.00000000E+00
   0.23022    -0.15473401E+00    -0.18552367E+01     0.58060777E-01     0.17695131E+01     0.00000000E+00
   0.23381    -0.15268404E+00    -0.16966174E+01     0.56690747E-01     0.16168603E+01     0.00000000E+00
   0.23741    -0.15053303E+00    -0.15387714E+01     0.54326048E-01     0.14656618E+01     0.00000000E+00
   0.24101    -0.14856346E+00    -0.13914455E+01     0.50600665E-01     0.13253070E+01     0.00000000E+00
   0.24460    -0.14650826E+00    -0.12496059E+01     0.48063689E-01     0.11901520E+01     0.00000000E+00
   0.24820    -0.14461836E+00    -0.11143929E+01     0.47070997E-01     0.10611204E+01     0.00000000E+00
   0.25180    -0.14265266E+00    -0.98015105E+00     0.45256565E-01     0.93351735E+00     0.00000000E+00
   0.25540    -0.14083345E+00    -0.85435232E+00     0.42408416E-01     0.81441994E+00     0.00000000E+00
   0.25899    -0.13895605E+00    -0.73264117E+00     0.40284268E-01     0.69922836E+00     0.00000000E+00
   0.26259    -0.13720729E+00    -0.61681241E+00     0.38343967E-01     0.58979720E+00     0.00000000E+00
   0.26619    -0.13541585E+00    -0.50420277E+00     0.37260613E-01     0.48350556E+00     0.00000000E+00
   0.26978    -0.13373714E+00    -0.39530842E+00     0.35357804E-01     0.38103055E+00     0.00000000E+00
   0.27338    -0.13202544E+00    -0.29138829E+00     0.33313644E-01     0.28341147E+00     0.00000000E+00
   0.27698    -0.13041387E+00    -0.19184622E+00     0.31711113E-01     0.19006589E+00     0.00000000E+00
   0.28058    -0.12877417E+00    -0.95547326E-01     0.30413420E-01     0.10001042E+00     0.00000000E+00
   0.28417    -0.12722423E+00    -0.33462502E-02     0.29051650E-01     0.13954234E-01     0.00000000E+00
   0.28777    -0.12565831E+00     0.85862360E-01     0.27372326E-01    -0.69355020E-01     0.00000000E+00
   0.29137    -0.12416912E+00     0.17078198E+00     0.25996262E-01    -0.14827716E+00     0.00000000E+00
   0.29496    -0.12267289E+00     0.25327520E+00     0.24528795E-01    -0.22505512E+00     0.00000000E+00
   0.29856    -0.12124081E+00     0.33185912E+00     0.23273972E-01    -0.29769491E+00     0.00000000E+00
   0.30216    -0.11980826E+00     0.40773645E+00     0.21998180E-01    -0.36784692E+00     0.00000000E+00
   0.30576    -0.11843251E+00     0.48016747E+00     0.20934187E-01    -0.43510579E+00     0.00000000E+00
   0.30935    -0.11706167E+00     0.55121380E+00     0.19768608E-01    -0.50026593E+00     0.00000000E+00
   0.31295    -0.11573259E+00     0.61741667E+00     0.18487142E-01    -0.56081140E+00     0.00000000E+00
   0.31655    -0.11442621E+00     0.68230794E+00     0.17381247E-01    -0.62059647E+00     0.00000000E+00
   0.32014    -0.11314876E+00     0.74368252E+00     0.16436261E-01    -0.67702455E+00     0.00000000E+00
   0.32374    -0.11190402E+00     0.80405637E+00     0.15579978E-01    -0.73243996E+00     0.00000000E+00
   0.32734    -0.11067095E+00     0.86140410E+00     0.14685364E-01    -0.78459363E+00     0.00000000E+00
   0.33094    -0.10948089E+00     0.91716036E+00     0.13197728E-01    -0.83447291E+00     0.00000000E+00
   0.33453    -0.10828719E+00     0.96739750E+00     0.12507544E-01    -0.88025343E+00     0.00000000E+00
   0.33813    -0.10716065E+00     0.10201745E+01     0.12191448E-01    -0.92867865E+00     0.00000000E+00
   0.34173    -0.10599787E+00     0.10685359E+01     0.11162203E-01    -0.97170757E+00     0.00000000E+00
   0.34532    -0.10492490E+00     0.11153750E+01     0.97475717E-02    -0.10133547E+01     0.00000000E+00
   0.34892    -0.10380127E+00     0.11577856E+01     0.96296866E-02    -0.10520867E+01     0.00000000E+00
   0.35252    -0.10279216E+00     0.12039931E+01     0.90628653E-02    -0.10938447E+01     0.00000000E+00
   0.35612    -0.10169108E+00     0.12433854E+01     0.81085509E-02    -0.11282174E+01     0.00000000E+00
   0.35971    -0.10074131E+00     0.12839771E+01     0.74710975E-02    -0.11647567E+01     0.00000000E+00
   0.36331    -0.99666536E-01     0.13213630E+01     0.70169129E-02    -0.11975752E+01     0.00000000E+00
   0.36691    -0.98769432E-01     0.13583206E+01     0.60020711E-02    -0.12301575E+01     0.00000000E+00
   0.37050    -0.97717905E-01     0.13919777E+01     0.59661893E-02    -0.12599873E+01     0.00000000E+00
   0.37410    -0.96878316E-01     0.14279066E+01     0.51156293E-02    -0.12914331E+01     0.00000000E+00
   0.37770    -0.95840273E-01     0.14579455E+01     0.42331693E-02    -0.13167126E+01     0.00000000E+00
   0.38129    -0.95063377E-01     0.14886371E+01     0.36258568E-02    -0.13439393E+01     0.00000000E+00
   0.38489    -0.94046755E-01     0.15182154E+01     0.35711130E-02    -0.13698906E+01     0.00000000E+00
   0.38849    -0.93325836E-01     0.15484415E+01     0.33356185E-02    -0.13956464E+01     0.00000000E+00
   0.39209    -0.92320141E-01     0.15750643E+01     0.35050990E-02    -0.14186510E+01     0.00000000E+00
   0.39568    -0.91663663E-01     0.16065142E+01     0.23278666E-02    -0.14449297E+01     0.00000000E+00
   0.39928    -0.90653638E-01     0.16301954E+01     0.29484354E-02    -0.14643191E+01     0.00000000E+00
   0.40288    -0.90069863E-01     0.16634282E+01     0.28444200E-02    -0.14933409E+01     0.00000000E+00
   0.40647    -0.89047597E-01     0.16924118E+01     0.42730714E-02    -0.15169130E+01     0.00000000E+00
   0.41007    -0.88526213E-01     0.17304591E+01     0.32340394E-02    -0.15486749E+01     0.00000000E+00
   0.41367    -0.87478104E-01     0.17622686E+01     0.53131187E-02    -0.15743013E+01     0.00000000E+00
   0.41727    -0.87018358E-01     0.18085873E+01     0.62894551E-02    -0.16153067E+01     0.00000000E+00
   0.42086    -0.85945141E-01     0.18525753E+01    -0.67258499E-02    -0.16584503E+01     0.00000000E+00
   0.42446    -0.85579796E-01     0.18870548E+01    -0.30131862E-01    -0.16957135E+01     0.00000000E+00
   0.42806    -0.85430267E-01     0.19698425E+01     0.81908389E-01    -0.17179812E+01     0.00000000E+00
   0.43165    -0.84631428E-01     0.19465993E+01    -0.14202247E-01    -0.17450094E+01     0.00000000E+00
   0.43525    -0.83615979E-01     0.19388033E+01    -0.34065336E-01    -0.17506259E+01     0.00000000E+00
   0.43885    -0.83592845E-01     0.19361269E+01    -0.16141864E-01    -0.17424237E+01     0.00000000E+00
   0.44245    -0.82578596E-01     0.19141873E+01    -0.16891413E-01    -0.17232731E+01     0.00000000E+00
   0.44604    -0.82724352E-01     0.18690157E+01    -0.27448186E-01    -0.16874047E+01     0.00000000E+00
   0.44964    -0.81706676E-01     0.18032987E+01    -0.32577252E-01    -0.16286575E+01     0.00000000E+00
   0.45324    -0.81939444E-01     0.16970737E+01    -0.45488062E-01    -0.15368276E+01     0.00000000E+00
   0.45683    -0.80936606E-01     0.15561030E+01    -0.65791102E-01    -0.14154150E+01     0.00000000E+00
   0.46043    -0.81273150E-01     0.13465854E+01    -0.74200947E-01    -0.12278994E+01     0.00000000E+00
   0.46403    -0.80342475E-01     0.10870030E+01    -0.11576467E+00    -0.10141621E+01     0.00000000E+00
   0.46763    -0.80790047E-01     0.71705006E+00    -0.11972698E+00    -0.68637745E+00     0.00000000E+00
   0.47122    -0.80033304E-01     0.25960702E+00    -0.20630096E+00    -0.32789508E+00     0.00000000E+00
   0.47482    -0.80595661E-01    -0.41857593E+00    -0.20796099E+00     0.24654479E+00     0.00000000E+00
   0.47842    -0.80302502E-01    -0.12672382E+01    -0.39161395E+00     0.82880209E+00     0.00000000E+00
   0.48201    -0.81043310E-01    -0.25903978E+01    -0.41012999E+00     0.17941281E+01     0.00000000E+00
   0.48561    -0.82225102E-01    -0.43500591E+01    -0.83140547E+00     0.25883124E+01     0.00000000E+00
   0.48921    -0.84165795E-01    -0.71328968E+01    -0.93261762E+00     0.36896642E+01     0.00000000E+00
   0.49281    -0.90272153E-01    -0.11085154E+02    -0.18710057E+01     0.22790696E+01     0.00000000E+00
   0.49640    -0.96747771E-01    -0.14140168E+02     0.14669776E+01    -0.29314490E+01     0.00000000E+00
   0.50000    -0.11534789E+00    -0.34398820E+01     0.61554043E+01    -0.46444928E+01     0.00000000E+00
   0.50360    -0.10940709E+00     0.13744593E+02     0.41284191E+01    -0.55833412E+01     0.00000000E+00
   0.50719    -0.10074669E+00     0.18283772E+02     0.27157781E+00    -0.13182029E+02     0.00000000E+00
   0.51079    -0.92671864E-01     0.17472518E+02    -0.78766488E-02    -0.15467372E+02     0.00000000E+00
   0.51439    -0.90499088E-01     0.16072867E+02    -0.31212399E+00    -0.15054921E+02     0.00000000E+00
   0.51799    -0.88396914E-01     0.15211917E+02    -0.18743836E+00    -0.14725478E+02     0.00000000E+00
   0.52158    -0.87186132E-01     0.14396795E+02    -0.18978784E+00    -0.14137799E+02     0.00000000E+00
   0.52518    -0.86926149E-01     0.13908134E+02    -0.11016081E+00    -0.13766440E+02     0.00000000E+00
   0.52878    -0.86109976E-01     0.13513982E+02    -0.96419349E-01    -0.13432362E+02     0.00000000E+00
   0.53237    -0.86255374E-01     0.13223019E+02    -0.67981640E-01    -0.13172619E+02     0.00000000E+00
   0.53597    -0.85664778E-01     0.13008092E+02    -0.45203335E-01    -0.12973361E+02     0.00000000E+00
   0.53957    -0.85955682E-01     0.12869912E+02    -0.27413909E-01    -0.12843054E+02     0.00000000E+00
   0.54317    -0.85387021E-01     0.12785259E+02    -0.20406444E-01    -0.12765645E+02     0.00000000E+00
   0.54676    -0.85653037E-01     0.12675131E+02    -0.32732739E-01    -0.12659755E+02     0.00000000E+00
   0.55036    -0.85154171E-01     0.12591338E+02    -0.18689607E-01    -0.12578748E+02     0.00000000E+00
   0.55396    -0.85449219E-01     0.12507036E+02    -0.32201340E-01    -0.12495465E+02     0.00000000E+00
   0.55755    -0.85026531E-01     0.12427779E+02    -0.20767639E-01    -0.12416775E+02     0.00000000E+00
   0.56115    -0.85390378E-01     0.12372690E+02    -0.29911936E-01    -0.12361246E+02     0.00000000E+00
   0.56475    -0.84992287E-01     0.12282841E+02    -0.23054834E-01    -0.12270361E+02     0.00000000E+00
   0.56835    -0.85746406E-01     0.12256787E+02    -0.39189715E-01    -0.12241041E+02     0.00000000E+00
   0.57194    -0.86495614E-01     0.12516185E+02     0.91970318E-01    -0.12503859E+02     0.00000000E+00
   0.57554    -0.85063222E-01     0.12526933E+02     0.57457895E-02    -0.12510576E+02     0.00000000E+00
   0.57914    -0.85129949E-01     0.12455260E+02     0.41092951E-01    -0.12443625E+02     0.00000000E+00
   0.58273    -0.85362154E-01     0.12526288E+02    -0.47437181E-02    -0.12513849E+02     0.00000000E+00
   0.58633    -0.85264305E-01     0.12562907E+02     0.26364206E-01    -0.12551806E+02     0.00000000E+00
   0.58993    -0.85541854E-01     0.12652345E+02     0.93510918E-02    -0.12641719E+02     0.00000000E+00
   0.59353    -0.85430773E-01     0.12720467E+02     0.16310513E-01    -0.12711886E+02     0.00000000E+00
   0.59712    -0.85654953E-01     0.12783944E+02     0.10997581E-01    -0.12776245E+02     0.00000000E+00
   0.60072    -0.85624037E-01     0.12856256E+02     0.21013862E-01    -0.12849395E+02     0.00000000E+00
   0.60432    -0.85815995E-01     0.12945116E+02     0.18395058E-01    -0.12939065E+02     0.00000000E+00
   0.60791    -0.85794046E-01     0.13023954E+02     0.16679203E-01    -0.13019199E+02     0.00000000E+00
   0.61151    -0.85952331E-01     0.13090158E+02     0.18815122E-01    -0.13085910E+02     0.00000000E+00
   0.61511    -0.85991942E-01     0.13184294E+02     0.19971501E-01    -0.13180830E+02     0.00000000E+00
   0.61871    -0.86100628E-01     0.13248840E+02     0.23970128E-01    -0.13245815E+02     0.00000000E+00
   0.62230    -0.86217000E-01     0.13359836E+02     0.28650618E-01    -0.13357228E+02     0.00000000E+00
   0.62590    -0.86263660E-01     0.13450023E+02     0.23148190E-01    -0.13448189E+02     0.00000000E+00
   0.62950    -0.86370892E-01     0.13537032E+02     0.23565582E-01    -0.13535705E+02     0.00000000E+00
   0.63309    -0.86430905E-01     0.13622403E+02     0.28791910E-01    -0.13621369E+02     0.00000000E+00
   0.63669    -0.86558156E-01     0.13730654E+02     0.27832706E-01    -0.13729979E+02     0.00000000E+00
   0.64029    -0.86573829E-01     0.13814636E+02     0.28256293E-01    -0.13814262E+02     0.00000000E+00
   0.64388    -0.86733778E-01     0.13918569E+02     0.32258474E-01    -0.13918345E+02     0.00000000E+00
   0.64748    -0.86736440E-01     0.14023796E+02     0.26510936E-01    -0.14023765E+02     0.00000000E+00
   0.65108    -0.86864736E-01     0.14101327E+02     0.31362611E-01    -0.14101350E+02     0.00000000E+00
   0.65468    -0.86942027E-01     0.14220422E+02     0.42513964E-01    -0.14220484E+02     0.00000000E+00
   0.65827    -0.87050959E-01     0.14345718E+02     0.35936396E-01    -0.14345711E+02     0.00000000E+00
   0.66187    -0.87053386E-01     0.14443668E+02     0.29488275E-01    -0.14443442E+02     0.00000000E+00
   0.66547    -0.87191738E-01     0.14538574E+02     0.42064804E-01    -0.14538298E+02     0.00000000E+00
   0.66906    -0.87253271E-01     0.14680495E+02     0.48056507E-01    -0.14680052E+02     0.00000000E+00
   0.67266    -0.87319040E-01     0.14804705E+02     0.36127035E-01    -0.14803585E+02     0.00000000E+00
   0.67626    -0.87330284E-01     0.14900463E+02     0.35244691E-01    -0.14898841E+02     0.00000000E+00
   0.67986    -0.87455639E-01     0.15018932E+02     0.41370955E-01    -0.15016928E+02     0.00000000E+00
   0.68345    -0.87467990E-01     0.15136664E+02     0.47647425E-01    -0.15134232E+02     0.00000000E+00
   0.68705    -0.87612944E-01     0.15277942E+02     0.54401683E-01    -0.15275028E+02     0.00000000E+00
   0.69065    -0.87597466E-01     0.15422976E+02     0.48093186E-01    -0.15418927E+02     0.00000000E+00
   0.69424    -0.87678457E-01     0.15543960E+02     0.42026128E-01    -0.15538589E+02     0.00000000E+00
   0.69784    -0.87686385E-01     0.15663708E+02     0.56182728E-01    -0.15657968E+02     0.00000000E+00
   0.70144    -0.87826651E-01     0.15836153E+02     0.57264547E-01    -0.15829216E+02     0.00000000E+00
   0.70504    -0.87723798E-01     0.15963042E+02     0.52461273E-01    -0.15954326E+02     0.00000000E+00
   0.70863    -0.87897357E-01     0.16114636E+02     0.58997438E-01    -0.16104974E+02     0.00000000E+00
   0.71223    -0.87784715E-01     0.16270728E+02     0.55394471E-01    -0.16258897E+02     0.00000000E+00
   0.71583    -0.87919652E-01     0.16405373E+02     0.62813392E-01    -0.16392401E+02     0.00000000E+00
   0.71942    -0.87860916E-01     0.16591910E+02     0.66699187E-01    -0.16576972E+02     0.00000000E+00
   0.72302    -0.87909988E-01     0.16738741E+02     0.61059835E-01    -0.16721164E+02     0.00000000E+00
   0.72662    -0.87852598E-01     0.16908184E+02     0.63248714E-01    -0.16888376E+02     0.00000000E+00
   0.73022    -0.87902621E-01     0.17064514E+02     0.74789756E-01    -0.17042978E+02     0.00000000E+00
   0.73381    -0.87861732E-01     0.17274035E+02     0.78989703E-01    -0.17249859E+02     0.00000000E+00
   0.73741    -0.87822417E-01     0.17445828E+02     0.68605693E-01    -0.17417192E+02     0.00000000E+00
   0.74101    -0.87745852E-01     0.17618259E+02     0.70343661E-01    -0.17586712E+02     0.00000000E+00
   0.74460    -0.87743460E-01     0.17803965E+02     0.76265037E-01    -0.17769076E+02     0.00000000E+00
   0.74820    -0.87636010E-01     0.17996026E+02     0.89323911E-01    -0.17958613E+02     0.00000000E+00
   0.75180    -0.87652686E-01     0.18229032E+02     0.89134257E-01    -0.18186699E+02     0.00000000E+00
   0.75540    -0.87408145E-01     0.18417523E+02     0.78048292E-01    -0.18369090E+02     0.00000000E+00
   0.75899    -0.87432189E-01     0.18617387E+02     0.83435668E-01    -0.18564688E+02     0.00000000E+00
   0.76259    -0.87200401E-01     0.18832042E+02     0.10109146E+00    -0.18775752E+02     0.00000000E+00
   0.76619    -0.87220315E-01     0.19091235E+02     0.10292883E+00    -0.19028484E+02     0.00000000E+00
   0.76978    -0.86844164E-01     0.19309076E+02     0.96024613E-01    -0.19238219E+02     0.00000000E+00
   0.77338    -0.86855657E-01     0.19545092E+02     0.94566572E-01    -0.19467195E+02     0.00000000E+00
   0.77698    -0.86422778E-01     0.19766903E+02     0.97725249E-01    -0.19681344E+02     0.00000000E+00
   0.78058    -0.86451987E-01     0.20016139E+02     0.11618048E+00    -0.19925625E+02     0.00000000E+00
   0.78417    -0.85988971E-01     0.20309443E+02     0.11310602E+00    -0.20208020E+02     0.00000000E+00
   0.78777    -0.85855511E-01     0.20538779E+02     0.10604556E+00    -0.20426552E+02     0.00000000E+00
   0.79137    -0.85416216E-01     0.20818772E+02     0.12012877E+00    -0.20698238E+02     0.00000000E+00
   0.79496    -0.85248801E-01     0.21102825E+02     0.12811891E+00    -0.20971339E+02     0.00000000E+00
   0.79856    -0.84701433E-01     0.21406888E+02     0.12579824E+00    -0.21261786E+02     0.00000000E+00
   0.80216    -0.84455168E-01     0.21684515E+02     0.12289519E+00    -0.21525197E+02     0.00000000E+00
   0.80576    -0.83856529E-01     0.21987801E+02     0.12996498E+00    -0.21815498E+02     0.00000000E+00
   0.80935    -0.83577708E-01     0.22300048E+02     0.14135941E+00    -0.22113530E+02     0.00000000E+00
   0.81295    -0.82891720E-01     0.22646001E+02     0.15536086E+00    -0.22443981E+02     0.00000000E+00
   0.81655    -0.82526647E-01     0.23002577E+02     0.15141610E+00    -0.22778625E+02     0.00000000E+00
   0.82014    -0.81640243E-01     0.23328016E+02     0.14317398E+00    -0.23081599E+02     0.00000000E+00
   0.82374    -0.81239497E-01     0.23668892E+02     0.14517054E+00    -0.23401446E+02     0.00000000E+00
   0.82734    -0.80273468E-01     0.24020181E+02     0.16185479E+00    -0.23732952E+02     0.00000000E+00
   0.83094    -0.79842524E-01     0.24426788E+02     0.17147960E+00    -0.24114512E+02     0.00000000E+00
   0.83453    -0.78657205E-01     0.24809108E+02     0.17141883E+00    -0.24467183E+02     0.00000000E+00
   0.83813    -0.78150571E-01     0.25220181E+02     0.18203243E+00    -0.24850137E+02     0.00000000E+00
   0.84173    -0.76820810E-01     0.25652094E+02     0.18710998E+00    -0.25247510E+02     0.00000000E+00
   0.84532    -0.76150882E-01     0.26079633E+02     0.19179677E+00    -0.25638678E+02     0.00000000E+00
   0.84892    -0.74672336E-01     0.26537469E+02     0.19926039E+00    -0.26057128E+02     0.00000000E+00
   0.85252    -0.73846132E-01     0.26995712E+02     0.19494626E+00    -0.26469429E+02     0.00000000E+00
   0.85612    -0.72149841E-01     0.27448165E+02     0.20218227E+00    -0.26878032E+02     0.00000000E+00
   0.85971    -0.71277905E-01     0.27962317E+02     0.23157735E+00    -0.27347658E+02     0.00000000E+00
   0.86331    -0.69331841E-01     0.28522035E+02     0.24204729E+00    -0.27848436E+02     0.00000000E+00
   0.86691    -0.68165203E-01     0.29052140E+02     0.22217927E+00    -0.28307094E+02     0.00000000E+00
   0.87050    -0.65911836E-01     0.29553161E+02     0.22386171E+00    -0.28745040E+02     0.00000000E+00
   0.87410    -0.64735928E-01     0.30148543E+02     0.26653798E+00    -0.29279978E+02     0.00000000E+00
   0.87770    -0.62176089E-01     0.30814439E+02     0.28114597E+00    -0.29859178E+02     0.00000000E+00
   0.88129    -0.60554390E-01     0.31421975E+02     0.26161050E+00    -0.30364844E+02     0.00000000E+00
   0.88489    -0.57652169E-01     0.32029766E+02     0.26466716E+00    -0.30879437E+02     0.00000000E+00
   0.88849    -0.55876851E-01     0.32702678E+02     0.27713914E+00    -0.31449163E+02     0.00000000E+00
   0.89209    -0.52584105E-01     0.33391732E+02     0.31361001E+00    -0.32033895E+02     0.00000000E+00
   0.89568    -0.50607476E-01     0.34223106E+02     0.33566846E+00    -0.32729266E+02     0.00000000E+00
   0.89928    -0.46573087E-01     0.34968798E+02     0.32783754E+00    -0.33316691E+02     0.00000000E+00
   0.90288    -0.44232629E-01     0.35781226E+02     0.32951952E+00    -0.33968359E+02     0.00000000E+00
   0.90647    -0.39647312E-01     0.36605235E+02     0.36788742E+00    -0.34624437E+02     0.00000000E+00
   0.91007    -0.36950077E-01     0.37579635E+02     0.38496421E+00    -0.35388994E+02     0.00000000E+00
   0.91367    -0.31401679E-01     0.38456286E+02     0.39117294E+00    -0.36034870E+02     0.00000000E+00
   0.91727    -0.28320720E-01     0.39486331E+02     0.41609483E+00    -0.36820566E+02     0.00000000E+00
   0.92086    -0.21861357E-01     0.40513700E+02     0.42142415E+00    -0.37558148E+02     0.00000000E+00
   0.92446    -0.18077818E-01     0.41605105E+02     0.45517977E+00    -0.38344875E+02     0.00000000E+00
   0.92806    -0.10815728E-01     0.42852861E+02     0.49988322E+00    -0.39233013E+02     0.00000000E+00
   0.93165    -0.58496018E-02     0.44133546E+02     0.51886959E+00    -0.40067532E+02     0.00000000E+00
   0.93525     0.28686241E-02     0.45397604E+02     0.52152864E+00    -0.40858015E+02     0.00000000E+00
   0.93885     0.87259053E-02     0.46823528E+02     0.58192595E+00    -0.41763449E+02     0.00000000E+00
   0.94245     0.19026820E-01     0.48417480E+02     0.63150696E+00    -0.42732354E+02     0.00000000E+00
   0.94604     0.26370908E-01     0.50118422E+02     0.65977304E+00    -0.43669683E+02     0.00000000E+00
   0.94964     0.39264866E-01     0.51878806E+02     0.71060919E+00    -0.44554109E+02     0.00000000E+00
   0.95324     0.48418845E-01     0.53848649E+02     0.76880725E+00    -0.45474386E+02     0.00000000E+00
   0.95683     0.64486906E-01     0.55912593E+02     0.84398744E+00    -0.46339858E+02     0.00000000E+00
   0.96043     0.76163840E-01     0.58407534E+02     0.94958478E+00    -0.47280398E+02     0.00000000E+00
   0.96403     0.97435060E-01     0.60876454E+02     0.10002198E+01    -0.47824361E+02     0.00000000E+00
   0.96763     0.11336981E+00     0.63569457E+02     0.10960758E+01    -0.48233531E+02     0.00000000E+00
   0.97122     0.14107162E+00     0.66675438E+02     0.12714781E+01    -0.48417412E+02     0.00000000E+00
   0.97482     0.16430268E+00     0.70139448E+02     0.14414857E+01    -0.47872243E+02     0.00000000E+00
   0.97842     0.20477225E+00     0.73456969E+02     0.16074787E+01    -0.45980973E+02     0.00000000E+00
   0.98201     0.24147325E+00     0.76638642E+02     0.18990532E+01    -0.42074465E+02     0.00000000E+00
   0.98561     0.30530200E+00     0.78757460E+02     0.21329053E+01    -0.34301066E+02     0.00000000E+00
   0.98921     0.37338099E+00     0.75656534E+02     0.19213052E+01    -0.19341819E+02     0.00000000E+00
   0.99281     0.47978254E+00     0.56285281E+02    -0.13714904E+01     0.20524072E+01     0.00000000E+00
   0.99640     0.54559553E+00    -0.19934811E+02    -0.96199475E+01    -0.20367007E+02     0.00000000E+00
   1.00000     0.40635971E+00    -0.15967649E+03    -0.79729399E+01    -0.15452950E+03     0.00000000E+00
