   0.00000     0.30833517E+00    -0.19159112E+03    -0.72157316E+01    -0.18218028E+03     0.00000000E+00
   0.00360    -0.14850856E+00    -0.22897361E+03     0.94980872E+01    -0.61481564E+02     0.00000000E+00
   0.00719    -0.39337977E+00    -0.18360376E+03     0.12518173E+02     0.64793540E+02     0.00000000E+00
   0.01079    -0.46514899E+00    -0.13467689E+03     0.74811145E+01     0.88639026E+02     0.00000000E+00
   0.01439    -0.47350135E+00    -0.10503147E+03     0.52051497E+01     0.83454886E+02     0.00000000E+00
   0.01799    -0.47305015E+00    -0.85572888E+02     0.34777787E+01     0.74451053E+02     0.00000000E+00
   0.02158    -0.46209622E+00    -0.71598444E+02     0.27471743E+01     0.65353319E+02     0.00000000E+00
   0.02518    -0.45151073E+00    -0.61672198E+02     0.21335899E+01     0.58070489E+02     0.00000000E+00
   0.02878    -0.44003446E+00    -0.53699520E+02     0.17635542E+01     0.51586310E+02     0.00000000E+00
   0.03237    -0.42804136E+00    -0.47429190E+02     0.13955091E+01     0.46166938E+02     0.00000000E+00
   0.03597    -0.41664509E+00    -0.42444542E+02     0.11973674E+01     0.41694181E+02     0.00000000E+00
   0.03957    -0.40566766E+00    -0.38259304E+02     0.10643444E+01     0.37841140E+02     0.00000000E+00
   0.04317    -0.39518687E+00    -0.34548297E+02     0.91589912E+00     0.34325204E+02     0.00000000E+00
   0.04676    -0.38463528E+00    -0.31500902E+02     0.79465067E+00     0.31390080E+02     0.00000000E+00
   0.05036    -0.37528046E+00    -0.28799149E+02     0.71953627E+00     0.28755257E+02     0.00000000E+00
   0.05396    -0.36553813E+00    -0.26444499E+02     0.64961346E+00     0.26435576E+02     0.00000000E+00
   0.05755    -0.35701300E+00    -0.24329770E+02     0.59900406E+00     0.24335238E+02     0.00000000E+00
   0.06115    -0.34806821E+00    -0.22406240E+02     0.53304644E+00     0.22411865E+02     0.00000000E+00
   0.06475    -0.34009511E+00    -0.20728888E+02     0.48082277E+00     0.20727545E+02     0.00000000E+00
   0.06835    -0.33199252E+00    -0.19215230E+02     0.45416949E+00     0.19201955E+02     0.00000000E+00
   0.07194    -0.32465131E+00    -0.17810937E+02     0.42992409E+00     0.17781793E+02     0.00000000E+00
   0.07554    -0.31721268E+00    -0.16490479E+02     0.38866313E+00     0.16445660E+02     0.00000000E+00
   0.07914    -0.31026571E+00    -0.15330726E+02     0.35742973E+00     0.15271002E+02     0.00000000E+00
   0.08273    -0.30350472E+00    -0.14242047E+02     0.33801512E+00     0.14166394E+02     0.00000000E+00
   0.08633    -0.29698884E+00    -0.13232321E+02     0.31229311E+00     0.13143383E+02     0.00000000E+00
   0.08993    -0.29076174E+00    -0.12314046E+02     0.29809433E+00     0.12211376E+02     0.00000000E+00
   0.09353    -0.28469129E+00    -0.11424468E+02     0.27921918E+00     0.11310121E+02     0.00000000E+00
   0.09712    -0.27889438E+00    -0.10618282E+02     0.25633674E+00     0.10495753E+02     0.00000000E+00
   0.10072    -0.27321796E+00    -0.98665892E+01     0.24267588E+00     0.97359779E+01     0.00000000E+00
   0.10432    -0.26785048E+00    -0.91637733E+01     0.23590942E+00     0.90251143E+01     0.00000000E+00
   0.10791    -0.26253981E+00    -0.84776196E+01     0.21956841E+00     0.83343712E+01     0.00000000E+00
   0.11151    -0.25749130E+00    -0.78586989E+01     0.20120048E+00     0.77142976E+01     0.00000000E+00
   0.11511    -0.25252918E+00    -0.72771752E+01     0.18919385E+00     0.71315882E+01     0.00000000E+00
   0.11871    -0.24781544E+00    -0.67368388E+01     0.18036752E+00     0.65912087E+01     0.00000000E+00
   0.12230    -0.24318552E+00    -0.62239832E+01     0.17728188E+00     0.60770720E+01     0.00000000E+00
   0.12590    -0.23878699E+00    -0.57219547E+01     0.16766378E+00     0.55769626E+01     0.00000000E+00
   0.12950    -0.23441687E+00    -0.52598641E+01     0.15189006E+00     0.51200068E+01     0.00000000E+00
   0.13309    -0.23029367E+00    -0.48361788E+01     0.14429053E+00     0.47003139E+01     0.00000000E+00
   0.13669    -0.22621946E+00    -0.44276827E+01     0.14113578E+00     0.42950641E+01     0.00000000E+00
   0.14029    -0.22235091E+00    -0.40331215E+01     0.13282494E+00     0.39060069E+01     0.00000000E+00
   0.14388    -0.21851698E+00    -0.36656598E+01     0.12190173E+00     0.35458162E+01     0.00000000E+00
   0.14748    -0.21488441E+00    -0.33239804E+01     0.11498738E+00     0.32112376E+01     0.00000000E+00
   0.15108    -0.21128919E+00    -0.29981862E+01     0.11025462E+00     0.28925208E+01     0.00000000E+00
   0.15468    -0.20787500E+00    -0.26882957E+01     0.10426823E+00     0.25906970E+01     0.00000000E+00
   0.15827    -0.20449617E+00    -0.23968571E+01     0.98953623E-01     0.23076261E+01     0.00000000E+00
   0.16187    -0.20129179E+00    -0.21191612E+01     0.93940506E-01     0.20386636E+01     0.00000000E+00
   0.16547    -0.19811571E+00    -0.18573056E+01     0.88281292E-01     0.17860887E+01     0.00000000E+00
   0.16906    -0.19510639E+00    -0.16108983E+01     0.84108083E-01     0.15487813E+01     0.00000000E+00
   0.17266    -0.19212276E+00    -0.13751065E+01     0.79065756E-01     0.13225697E+01     0.00000000E+00
   0.17626    -0.18929147E+00    -0.11555035E+01     0.73703441E-01     0.11125893E+01     0.00000000E+00
   0.17986    -0.18648818E+00    -0.94727851E+00     0.69524874E-01     0.91388857E+00     0.00000000E+00
   0.18345    -0.18382165E+00    -0.75051409E+00     0.66209832E-01     0.72663820E+00     0.00000000E+00
   0.18705    -0.18118680E+00    -0.56197951E+00     0.62853876E-01     0.54785849E+00     0.00000000E+00
   0.19065    -0.17867720E+00    -0.38438144E+00     0.58783612E-01     0.38000557E+00     0.00000000E+00
   0.19424    -0.17620370E+00    -0.21669928E+00     0.55168815E-01     0.22200624E+00     0.00000000E+00
   0.19784    -0.17383699E+00    -0.58736674E-01     0.52119045E-01     0.73688787E-01     0.00000000E+00
   0.20144    -0.17150668E+00     0.91171001E-01     0.49255024E-01    -0.66562711E-01     0.00000000E+00
   0.20504    -0.16927253E+00     0.23237689E+00     0.45946504E-01    -0.19838186E+00     0.00000000E+00
   0.20863    -0.16707825E+00     0.36603093E+00     0.43071386E-01    -0.32276807E+00     0.00000000E+00
   0.21223    -0.16497324E+00     0.49152608E+00     0.40268614E-01    -0.43949943E+00     0.00000000E+00
   0.21583    -0.16291296E+00     0.61144873E+00     0.37625541E-01    -0.55012215E+00     0.00000000E+00
   0.21942    -0.16092525E+00     0.72264898E+00     0.35163571E-01    -0.65216634E+00     0.00000000E+00
   0.22302    -0.15899518E+00     0.82853966E+00     0.33044248E-01    -0.75011574E+00     0.00000000E+00
   0.22662    -0.15711790E+00     0.92871758E+00     0.30938489E-01    -0.84175471E+00     0.00000000E+00
   0.23022    -0.15529319E+00     0.10230427E+01     0.28678869E-01    -0.92776388E+00     0.00000000E+00
   0.23381    -0.15351619E+00     0.11120840E+01     0.26394504E-01    -0.10080797E+01     0.00000000E+00
   0.23741    -0.15179447E+00     0.11942930E+01     0.24295019E-01    -0.10823460E+01     0.00000000E+00
   0.24101    -0.15011867E+00     0.12723618E+01     0.23033660E-01    -0.11535822E+01     0.00000000E+00
   0.24460    -0.14850001E+00     0.13473501E+01     0.21429783E-01    -0.12213596E+01     0.00000000E+00
   0.24820    -0.14690924E+00     0.14175806E+01     0.19061249E-01    -0.12834653E+01     0.00000000E+00
   0.25180    -0.14537984E+00     0.14811393E+01     0.17271964E-01    -0.13397547E+01     0.00000000E+00
   0.25540    -0.14388455E+00     0.15418758E+01     0.16364176E-01    -0.13945490E+01     0.00000000E+00
   0.25899    -0.14244622E+00     0.16000784E+01     0.15328455E-01    -0.14461821E+01     0.00000000E+00
   0.26259    -0.14103172E+00     0.16541079E+01     0.14100415E-01    -0.14939868E+01     0.00000000E+00
   0.26619    -0.13967285E+00     0.17060270E+01     0.12011967E-01    -0.15383001E+01     0.00000000E+00
   0.26978    -0.13832421E+00     0.17493082E+01     0.10950425E-01    -0.15760280E+01     0.00000000E+00
   0.27338    -0.13705369E+00     0.17952488E+01     0.10612715E-01    -0.16167179E+01     0.00000000E+00
   0.27698    -0.13576380E+00     0.18351668E+01     0.97531313E-02    -0.16511528E+01     0.00000000E+00
   0.28058    -0.13457167E+00     0.18757950E+01     0.80236231E-02    -0.16854934E+01     0.00000000E+00
   0.28417    -0.13333644E+00     0.19074802E+01     0.73855269E-02    -0.17122196E+01     0.00000000E+00
   0.28777    -0.13223225E+00     0.19434105E+01     0.68987593E-02    -0.17436819E+01     0.00000000E+00
   0.29137    -0.13104597E+00     0.19726207E+01     0.57079299E-02    -0.17672089E+01     0.00000000E+00
   0.29496    -0.13001314E+00     0.20013717E+01     0.52684715E-02    -0.17920937E+01     0.00000000E+00
   0.29856    -0.12887621E+00     0.20287831E+01     0.39916292E-02    -0.18138689E+01     0.00000000E+00
   0.30216    -0.12790170E+00     0.20503288E+01     0.29639377E-02    -0.18313290E+01     0.00000000E+00
   0.30576    -0.12681928E+00     0.20733818E+01     0.38773066E-02    -0.18515250E+01     0.00000000E+00
   0.30935    -0.12590910E+00     0.20970105E+01     0.23322453E-02    -0.18698229E+01     0.00000000E+00
   0.31295    -0.12485287E+00     0.21127093E+01     0.87209906E-03    -0.18809264E+01     0.00000000E+00
   0.31655    -0.12401438E+00     0.21296373E+01     0.46495070E-03    -0.18949832E+01     0.00000000E+00
   0.32014    -0.12299581E+00     0.21447481E+01     0.89836309E-03    -0.19070188E+01     0.00000000E+00
   0.32374    -0.12221960E+00     0.21604493E+01     0.11018239E-02    -0.19196650E+01     0.00000000E+00
   0.32734    -0.12123161E+00     0.21746484E+01     0.69647428E-03    -0.19299949E+01     0.00000000E+00
   0.33094    -0.12050765E+00     0.21872003E+01    -0.17218892E-02    -0.19372490E+01     0.00000000E+00
   0.33453    -0.11955809E+00     0.21915579E+01    -0.13237894E-02    -0.19396626E+01     0.00000000E+00
   0.33813    -0.11890013E+00     0.22048236E+01    -0.57933270E-03    -0.19510526E+01     0.00000000E+00
   0.34173    -0.11795995E+00     0.22123366E+01    -0.14358071E-02    -0.19542649E+01     0.00000000E+00
   0.34532    -0.11735909E+00     0.22184421E+01    -0.36308327E-02    -0.19568241E+01     0.00000000E+00
   0.34892    -0.11644088E+00     0.22189928E+01    -0.20519778E-02    -0.19565639E+01     0.00000000E+00
   0.35252    -0.11591055E+00     0.22289666E+01    -0.26099818E-02    -0.19643173E+01     0.00000000E+00
   0.35612    -0.11499252E+00     0.22284021E+01    -0.30269285E-02    -0.19601012E+01     0.00000000E+00
   0.35971    -0.11452748E+00     0.22315979E+01    -0.40463976E-02    -0.19620846E+01     0.00000000E+00
   0.36331    -0.11360782E+00     0.22311078E+01    -0.32060177E-02    -0.19586204E+01     0.00000000E+00
   0.36691    -0.11322137E+00     0.22314843E+01    -0.52349070E-02    -0.19572837E+01     0.00000000E+00
   0.37050    -0.11229377E+00     0.22278514E+01    -0.31696888E-02    -0.19517810E+01     0.00000000E+00
   0.37410    -0.11199312E+00     0.22304650E+01    -0.50707372E-02    -0.19523324E+01     0.00000000E+00
   0.37770    -0.11102320E+00     0.22246665E+01    -0.38492871E-02    -0.19426718E+01     0.00000000E+00
   0.38129    -0.11083157E+00     0.22243600E+01    -0.53399332E-02    -0.19417957E+01     0.00000000E+00
   0.38489    -0.10983467E+00     0.22230596E+01    -0.16425771E-02    -0.19375080E+01     0.00000000E+00
   0.38849    -0.10970684E+00     0.22288774E+01    -0.36046896E-02    -0.19408445E+01     0.00000000E+00
   0.39209    -0.10872496E+00     0.22326652E+01     0.14023334E-02    -0.19401483E+01     0.00000000E+00
   0.39568    -0.10861326E+00     0.22478489E+01    -0.14642653E-02    -0.19506460E+01     0.00000000E+00
   0.39928    -0.10765506E+00     0.22572708E+01     0.40295004E-02    -0.19534731E+01     0.00000000E+00
   0.40288    -0.10759335E+00     0.22836250E+01     0.20292640E-02    -0.19758946E+01     0.00000000E+00
   0.40647    -0.10654525E+00     0.23068406E+01     0.84934267E-02    -0.19898900E+01     0.00000000E+00
   0.41007    -0.10661969E+00     0.23452375E+01     0.38643013E-02    -0.20210293E+01     0.00000000E+00
   0.41367    -0.10543248E+00     0.23708473E+01     0.97430218E-02    -0.20371682E+01     0.00000000E+00
   0.41727    -0.10554536E+00     0.24141340E+01     0.30515010E-02    -0.20778538E+01     0.00000000E+00
   0.42086    -0.10429712E+00     0.24446946E+01    -0.82928219E-02    -0.21068965E+01     0.00000000E+00
   0.42446    -0.10453758E+00     0.24568571E+01    -0.49399753E-01    -0.21323469E+01     0.00000000E+00
   0.42806    -0.10423184E+00     0.25002824E+01     0.95693762E-01    -0.20939089E+01     0.00000000E+00
   0.43165    -0.10400702E+00     0.24290101E+01    -0.43770351E-01    -0.21103673E+01     0.00000000E+00
   0.43525    -0.10239127E+00     0.23586666E+01    -0.42929170E-01    -0.20545350E+01     0.00000000E+00
   0.43885    -0.10312289E+00     0.22738473E+01    -0.42015474E-01    -0.19838482E+01     0.00000000E+00
   0.44245    -0.10159178E+00     0.21757342E+01    -0.38683438E-01    -0.18977116E+01     0.00000000E+00
   0.44604    -0.10250319E+00     0.20367555E+01    -0.60462926E-01    -0.17886618E+01     0.00000000E+00
   0.44964    -0.10089019E+00     0.18624402E+01    -0.61507414E-01    -0.16362812E+01     0.00000000E+00
   0.45324    -0.10201690E+00     0.16361610E+01    -0.91777401E-01    -0.14539980E+01     0.00000000E+00
   0.45683    -0.10028248E+00     0.13516569E+01    -0.99192844E-01    -0.12087868E+01     0.00000000E+00
   0.46043    -0.10172485E+00     0.99298798E+00    -0.13670240E+00    -0.91751032E+00     0.00000000E+00
   0.46403    -0.99857261E-01     0.54533843E+00    -0.15578399E+00    -0.54504431E+00     0.00000000E+00
   0.46763    -0.10172567E+00    -0.19776417E-01    -0.20745036E+00    -0.95489752E-01     0.00000000E+00
   0.47122    -0.99699756E-01    -0.74172374E+00    -0.26227094E+00     0.46930714E+00     0.00000000E+00
   0.47482    -0.10218290E+00    -0.17065904E+01    -0.33928859E+00     0.11869226E+01     0.00000000E+00
   0.47842    -0.10010742E+00    -0.29614778E+01    -0.49098507E+00     0.20254095E+01     0.00000000E+00
   0.48201    -0.10357650E+00    -0.47908859E+01    -0.63550697E+00     0.31453799E+01     0.00000000E+00
   0.48561    -0.10235678E+00    -0.72902077E+01    -0.10638136E+01     0.41496634E+01     0.00000000E+00
   0.48921    -0.10864284E+00    -0.11133574E+02    -0.13805591E+01     0.51347774E+01     0.00000000E+00
   0.49281    -0.11219000E+00    -0.16648946E+02    -0.24951793E+01     0.25619882E+01     0.00000000E+00
   0.49640    -0.12675938E+00    -0.20996781E+02     0.18713020E+01    -0.60682060E+01     0.00000000E+00
   0.50000    -0.14666320E+00    -0.61267834E+01     0.85144066E+01    -0.82363307E+01     0.00000000E+00
   0.50360    -0.14424166E+00     0.17082360E+02     0.56537572E+01    -0.85830432E+01     0.00000000E+00
   0.50719    -0.12887122E+00     0.23479785E+02     0.43451125E+00    -0.18078152E+02     0.00000000E+00
   0.51079    -0.12020060E+00     0.22393898E+02    -0.19886374E-01    -0.20498346E+02     0.00000000E+00
   0.51439    -0.11579962E+00     0.20643463E+02    -0.38928955E+00    -0.19797125E+02     0.00000000E+00
   0.51799    -0.11381788E+00     0.19470573E+02    -0.25322360E+00    -0.19140898E+02     0.00000000E+00
   0.52158    -0.11154960E+00     0.18443046E+02    -0.24258830E+00    -0.18310721E+02     0.00000000E+00
   0.52518    -0.11138401E+00     0.17789136E+02    -0.13469998E+00    -0.17742369E+02     0.00000000E+00
   0.52878    -0.10988240E+00     0.17283272E+02    -0.11705795E+00    -0.17269832E+02     0.00000000E+00
   0.53237    -0.11006999E+00     0.16892420E+02    -0.85313898E-01    -0.16890024E+02     0.00000000E+00
   0.53597    -0.10889533E+00     0.16604696E+02    -0.56240920E-01    -0.16604702E+02     0.00000000E+00
   0.53957    -0.10914194E+00     0.16398508E+02    -0.37776222E-01    -0.16398348E+02     0.00000000E+00
   0.54317    -0.10803259E+00     0.16266288E+02    -0.29840921E-01    -0.16264686E+02     0.00000000E+00
   0.54676    -0.10813607E+00     0.16087020E+02    -0.45955790E-01    -0.16083800E+02     0.00000000E+00
   0.55036    -0.10715902E+00     0.15949482E+02    -0.32745918E-01    -0.15944730E+02     0.00000000E+00
   0.55396    -0.10721105E+00     0.15799771E+02    -0.47273724E-01    -0.15794378E+02     0.00000000E+00
   0.55755    -0.10633924E+00     0.15666731E+02    -0.34842551E-01    -0.15660999E+02     0.00000000E+00
   0.56115    -0.10639693E+00     0.15545295E+02    -0.46414955E-01    -0.15540044E+02     0.00000000E+00
   0.56475    -0.10561989E+00     0.15398290E+02    -0.39991410E-01    -0.15393918E+02     0.00000000E+00
   0.56835    -0.10604671E+00     0.15309815E+02    -0.53886793E-01    -0.15307235E+02     0.00000000E+00
   0.57194    -0.10677563E+00     0.15599752E+02     0.95975958E-01    -0.15595692E+02     0.00000000E+00
   0.57554    -0.10414540E+00     0.15547903E+02     0.16091378E-01    -0.15545022E+02     0.00000000E+00
   0.57914    -0.10401330E+00     0.15403000E+02     0.41368940E-02    -0.15398773E+02     0.00000000E+00
   0.58273    -0.10332183E+00     0.15432461E+02     0.11332538E-01    -0.15427106E+02     0.00000000E+00
   0.58633    -0.10291297E+00     0.15413431E+02     0.11476457E-01    -0.15408078E+02     0.00000000E+00
   0.58993    -0.10248142E+00     0.15472344E+02     0.92715663E-02    -0.15465984E+02     0.00000000E+00
   0.59353    -0.10193356E+00     0.15494554E+02     0.50766376E-02    -0.15486572E+02     0.00000000E+00
   0.59712    -0.10154615E+00     0.15524753E+02     0.52210760E-02    -0.15515477E+02     0.00000000E+00
   0.60072    -0.10102696E+00     0.15556244E+02     0.11847113E-01    -0.15546041E+02     0.00000000E+00
   0.60432    -0.10066716E+00     0.15616399E+02     0.11669696E-01    -0.15604814E+02     0.00000000E+00
   0.60791    -0.10012683E+00     0.15659632E+02     0.73710456E-02    -0.15645857E+02     0.00000000E+00
   0.61151    -0.99761578E-01     0.15692893E+02     0.11137672E-01    -0.15678004E+02     0.00000000E+00
   0.61511    -0.99282634E-01     0.15756626E+02     0.11321390E-01    -0.15739931E+02     0.00000000E+00
   0.61871    -0.98881126E-01     0.15788689E+02     0.16738391E-01    -0.15770801E+02     0.00000000E+00
   0.62230    -0.98489310E-01     0.15874189E+02     0.21514963E-01    -0.15855035E+02     0.00000000E+00
   0.62590    -0.98030989E-01     0.15937384E+02     0.15392678E-01    -0.15915467E+02     0.00000000E+00
   0.62950    -0.97624536E-01     0.15995877E+02     0.15419714E-01    -0.15971763E+02     0.00000000E+00
   0.63309    -0.97195632E-01     0.16054112E+02     0.21795742E-01    -0.16028462E+02     0.00000000E+00
   0.63669    -0.96818912E-01     0.16138814E+02     0.20370110E-01    -0.16110815E+02     0.00000000E+00
   0.64029    -0.96345592E-01     0.16196053E+02     0.20941696E-01    -0.16165521E+02     0.00000000E+00
   0.64388    -0.96009637E-01     0.16276344E+02     0.25316552E-01    -0.16244152E+02     0.00000000E+00
   0.64748    -0.95530926E-01     0.16359053E+02     0.18698532E-01    -0.16323210E+02     0.00000000E+00
   0.65108    -0.95159022E-01     0.16409203E+02     0.23954769E-01    -0.16371552E+02     0.00000000E+00
   0.65468    -0.94776434E-01     0.16508326E+02     0.36984798E-01    -0.16469594E+02     0.00000000E+00
   0.65827    -0.94387996E-01     0.16614571E+02     0.29269986E-01    -0.16571812E+02     0.00000000E+00
   0.66187    -0.93920939E-01     0.16689604E+02     0.21748844E-01    -0.16642660E+02     0.00000000E+00
   0.66547    -0.93568196E-01     0.16760838E+02     0.35949315E-01    -0.16712653E+02     0.00000000E+00
   0.66906    -0.93179006E-01     0.16886772E+02     0.42953595E-01    -0.16836126E+02     0.00000000E+00
   0.67266    -0.92745014E-01     0.16992173E+02     0.29056028E-01    -0.16935623E+02     0.00000000E+00
   0.67626    -0.92297253E-01     0.17065135E+02     0.27980697E-01    -0.17004943E+02     0.00000000E+00
   0.67986    -0.91932990E-01     0.17163925E+02     0.34669353E-01    -0.17101044E+02     0.00000000E+00
   0.68345    -0.91491816E-01     0.17262205E+02     0.41861332E-01    -0.17196529E+02     0.00000000E+00
   0.68705    -0.91151036E-01     0.17387040E+02     0.49353564E-01    -0.17318380E+02     0.00000000E+00
   0.69065    -0.90679665E-01     0.17516277E+02     0.42221356E-01    -0.17441878E+02     0.00000000E+00
   0.69424    -0.90263973E-01     0.17617902E+02     0.34966043E-01    -0.17537620E+02     0.00000000E+00
   0.69784    -0.89820275E-01     0.17718178E+02     0.51032550E-01    -0.17635957E+02     0.00000000E+00
   0.70144    -0.89476446E-01     0.17877809E+02     0.52089280E-01    -0.17790467E+02     0.00000000E+00
   0.70504    -0.88907315E-01     0.17986135E+02     0.46615630E-01    -0.17892110E+02     0.00000000E+00
   0.70863    -0.88597240E-01     0.18121747E+02     0.53670348E-01    -0.18024029E+02     0.00000000E+00
   0.71223    -0.88020565E-01     0.18262634E+02     0.49527648E-01    -0.18157457E+02     0.00000000E+00
   0.71583    -0.87663089E-01     0.18378813E+02     0.57608153E-01    -0.18269687E+02     0.00000000E+00
   0.71942    -0.87152545E-01     0.18553489E+02     0.61918989E-01    -0.18437850E+02     0.00000000E+00
   0.72302    -0.86692957E-01     0.18682800E+02     0.55391871E-01    -0.18559247E+02     0.00000000E+00
   0.72662    -0.86187110E-01     0.18837799E+02     0.57543473E-01    -0.18707598E+02     0.00000000E+00
   0.73022    -0.85725915E-01     0.18976928E+02     0.70452050E-01    -0.18841541E+02     0.00000000E+00
   0.73381    -0.85244809E-01     0.19176126E+02     0.74866485E-01    -0.19033145E+02     0.00000000E+00
   0.73741    -0.84671216E-01     0.19331845E+02     0.63166888E-01    -0.19177265E+02     0.00000000E+00
   0.74101    -0.84150643E-01     0.19488967E+02     0.64707860E-01    -0.19326827E+02     0.00000000E+00
   0.74460    -0.83609694E-01     0.19659228E+02     0.71183071E-01    -0.19488562E+02     0.00000000E+00
   0.74820    -0.83060588E-01     0.19837379E+02     0.85254659E-01    -0.19660175E+02     0.00000000E+00
   0.75180    -0.82534378E-01     0.20058852E+02     0.85048898E-01    -0.19869704E+02     0.00000000E+00
   0.75540    -0.81835958E-01     0.20232371E+02     0.72535641E-01    -0.20029368E+02     0.00000000E+00
   0.75899    -0.81307322E-01     0.20416432E+02     0.78335435E-01    -0.20203622E+02     0.00000000E+00
   0.76259    -0.80629822E-01     0.20617660E+02     0.97196469E-01    -0.20396482E+02     0.00000000E+00
   0.76619    -0.80087303E-01     0.20865652E+02     0.99237479E-01    -0.20630157E+02     0.00000000E+00
   0.76978    -0.79253826E-01     0.21069374E+02     0.91237211E-01    -0.20816946E+02     0.00000000E+00
   0.77338    -0.78684470E-01     0.21290753E+02     0.89661633E-01    -0.21023638E+02     0.00000000E+00
   0.77698    -0.77792252E-01     0.21497730E+02     0.92439551E-01    -0.21215146E+02     0.00000000E+00
   0.78058    -0.77229270E-01     0.21732070E+02     0.11262335E+00    -0.21438969E+02     0.00000000E+00
   0.78417    -0.76314316E-01     0.22015529E+02     0.10882786E+00    -0.21700955E+02     0.00000000E+00
   0.78777    -0.75556409E-01     0.22227209E+02     0.10127494E+00    -0.21892118E+02     0.00000000E+00
   0.79137    -0.74669427E-01     0.22494798E+02     0.11554837E+00    -0.22143667E+02     0.00000000E+00
   0.79496    -0.73861028E-01     0.22763650E+02     0.12399321E+00    -0.22391946E+02     0.00000000E+00
   0.79856    -0.72865334E-01     0.23055296E+02     0.12136072E+00    -0.22658603E+02     0.00000000E+00
   0.80216    -0.71946651E-01     0.23315912E+02     0.11808169E+00    -0.22893813E+02     0.00000000E+00
   0.80576    -0.70897924E-01     0.23605044E+02     0.12486833E+00    -0.23159811E+02     0.00000000E+00
   0.80935    -0.69928624E-01     0.23900652E+02     0.13703796E+00    -0.23430346E+02     0.00000000E+00
   0.81295    -0.68791380E-01     0.24233680E+02     0.15165021E+00    -0.23736254E+02     0.00000000E+00
   0.81655    -0.67704350E-01     0.24574881E+02     0.14715217E+00    -0.24040393E+02     0.00000000E+00
   0.82014    -0.66355694E-01     0.24884012E+02     0.13757035E+00    -0.24312475E+02     0.00000000E+00
   0.82374    -0.65205267E-01     0.25206010E+02     0.13949266E+00    -0.24599906E+02     0.00000000E+00
   0.82734    -0.63778216E-01     0.25540925E+02     0.15664087E+00    -0.24902419E+02     0.00000000E+00
   0.83094    -0.62562203E-01     0.25929637E+02     0.16649336E+00    -0.25250653E+02     0.00000000E+00
   0.83453    -0.60913138E-01     0.26294862E+02     0.16629198E+00    -0.25569045E+02     0.00000000E+00
   0.83813    -0.59576862E-01     0.26685384E+02     0.17670709E+00    -0.25915492E+02     0.00000000E+00
   0.84173    -0.57787924E-01     0.27100543E+02     0.18227720E+00    -0.26277096E+02     0.00000000E+00
   0.84532    -0.56233950E-01     0.27505272E+02     0.18561914E+00    -0.26626798E+02     0.00000000E+00
   0.84892    -0.54302127E-01     0.27944895E+02     0.19367917E+00    -0.27006782E+02     0.00000000E+00
   0.85252    -0.52536522E-01     0.28378701E+02     0.18721890E+00    -0.27372994E+02     0.00000000E+00
   0.85612    -0.50397488E-01     0.28809323E+02     0.19482326E+00    -0.27739039E+02     0.00000000E+00
   0.85971    -0.48540020E-01     0.29297938E+02     0.22345617E+00    -0.28162779E+02     0.00000000E+00
   0.86331    -0.46165883E-01     0.29836480E+02     0.23540293E+00    -0.28615779E+02     0.00000000E+00
   0.86691    -0.43926821E-01     0.30337278E+02     0.21364115E+00    -0.29016047E+02     0.00000000E+00
   0.87050    -0.41254032E-01     0.30810000E+02     0.21466092E+00    -0.29400562E+02     0.00000000E+00
   0.87410    -0.38935430E-01     0.31372676E+02     0.25916032E+00    -0.29878157E+02     0.00000000E+00
   0.87770    -0.35984099E-01     0.32011470E+02     0.27151236E+00    -0.30397752E+02     0.00000000E+00
   0.88129    -0.33118364E-01     0.32580915E+02     0.25143027E+00    -0.30829506E+02     0.00000000E+00
   0.88489    -0.29818488E-01     0.33155611E+02     0.25115506E+00    -0.31279824E+02     0.00000000E+00
   0.88849    -0.26715089E-01     0.33786090E+02     0.26547247E+00    -0.31772268E+02     0.00000000E+00
   0.89209    -0.23041973E-01     0.34438956E+02     0.30072051E+00    -0.32287302E+02     0.00000000E+00
   0.89568    -0.19628595E-01     0.35223938E+02     0.32653867E+00    -0.32892541E+02     0.00000000E+00
   0.89928    -0.15223080E-01     0.35926202E+02     0.31554140E+00    -0.33391596E+02     0.00000000E+00
   0.90288    -0.11327560E-01     0.36680193E+02     0.32083248E+00    -0.33938802E+02     0.00000000E+00
   0.90647    -0.64209711E-02     0.37454056E+02     0.34840366E+00    -0.34503485E+02     0.00000000E+00
   0.91007    -0.20705279E-02     0.38366342E+02     0.36728026E+00    -0.35151104E+02     0.00000000E+00
   0.91367     0.38261800E-02     0.39180434E+02     0.36790191E+00    -0.35681486E+02     0.00000000E+00
   0.91727     0.86840506E-02     0.40135139E+02     0.39735540E+00    -0.36333371E+02     0.00000000E+00
   0.92086     0.15502611E-01     0.41088256E+02     0.40501334E+00    -0.36932554E+02     0.00000000E+00
   0.92446     0.21214797E-01     0.42088419E+02     0.43561832E+00    -0.37567059E+02     0.00000000E+00
   0.92806     0.28845081E-01     0.43237919E+02     0.47740596E+00    -0.38287629E+02     0.00000000E+00
   0.93165     0.35841521E-01     0.44407919E+02     0.48641113E+00    -0.38935995E+02     0.00000000E+00
   0.93525     0.44915928E-01     0.45557352E+02     0.47986126E+00    -0.39537449E+02     0.00000000E+00
   0.93885     0.53008029E-01     0.46835061E+02     0.53896513E+00    -0.40215835E+02     0.00000000E+00
   0.94245     0.63538659E-01     0.48289198E+02     0.58686292E+00    -0.40953308E+02     0.00000000E+00
   0.94604     0.73599615E-01     0.49794141E+02     0.63263282E+00    -0.41588741E+02     0.00000000E+00
   0.94964     0.86441927E-01     0.51346447E+02     0.65201979E+00    -0.42182654E+02     0.00000000E+00
   0.95324     0.98595257E-01     0.53059089E+02     0.69710341E+00    -0.42750625E+02     0.00000000E+00
   0.95683     0.11448057E+00     0.54840923E+02     0.76918288E+00    -0.43234997E+02     0.00000000E+00
   0.96043     0.12957753E+00     0.56962079E+02     0.85781062E+00    -0.43707142E+02     0.00000000E+00
   0.96403     0.15031363E+00     0.59007328E+02     0.89062579E+00    -0.43747403E+02     0.00000000E+00
   0.96763     0.17011558E+00     0.61142974E+02     0.95739439E+00    -0.43567110E+02     0.00000000E+00
   0.97122     0.19680647E+00     0.63547490E+02     0.10950141E+01    -0.43069279E+02     0.00000000E+00
   0.97482     0.22413791E+00     0.66064784E+02     0.12058092E+01    -0.41727908E+02     0.00000000E+00
   0.97842     0.26250036E+00     0.68081763E+02     0.13183986E+01    -0.38946115E+02     0.00000000E+00
   0.98201     0.30250055E+00     0.69608299E+02     0.14803667E+01    -0.34271701E+02     0.00000000E+00
   0.98561     0.36114487E+00     0.69010803E+02     0.15044563E+01    -0.25982164E+02     0.00000000E+00
   0.98921     0.42783259E+00     0.61519071E+02     0.91047712E+00    -0.12175982E+02     0.00000000E+00
   0.99281     0.51142756E+00     0.34433758E+02    -0.31493854E+01     0.13629803E+01     0.00000000E+00
   0.99640     0.54626612E+00    -0.54396946E+02    -0.11247619E+02    -0.46516808E+02     0.00000000E+00
   1.00000     0.30833517E+00    -0.19159112E+03    -0.72157316E+01    -0.18218028E+03     0.00000000E+00
