   0.00000    0.10549132E+01
   0.00095    0.24561550E+01
   0.00624    0.25603755E+01
   0.01295    0.25100301E+01
   0.01991    0.22842226E+01
   0.02702    0.21846703E+01
   0.03424    0.20157809E+01
   0.04153    0.19380982E+01
   0.04888    0.18157663E+01
   0.05628    0.17553177E+01
   0.06371    0.16627572E+01
   0.07118    0.16124902E+01
   0.07868    0.15392449E+01
   0.08621    0.14994254E+01
   0.09376    0.14385279E+01
   0.10133    0.14052340E+01
   0.10892    0.13540803E+01
   0.11653    0.13258188E+01
   0.12416    0.12829641E+01
   0.13180    0.12580133E+01
   0.13947    0.12205470E+01
   0.14714    0.11987888E+01
   0.15482    0.11670055E+01
   0.16251    0.11469007E+01
   0.17022    0.11192561E+01
   0.17794    0.11014192E+01
   0.18567    0.10764605E+01
   0.19340    0.10610801E+01
   0.20115    0.10385973E+01
   0.20890    0.10243779E+01
   0.21667    0.10043223E+01
   0.22444    0.99199814E+00
   0.23222    0.97364540E+00
   0.24000    0.96217728E+00
   0.24780    0.94527465E+00
   0.25560    0.93466416E+00
   0.26341    0.92026692E+00
   0.27122    0.91021259E+00
   0.27905    0.89648984E+00
   0.28687    0.88730879E+00
   0.29471    0.87533944E+00
   0.30255    0.86665016E+00
   0.31039    0.85530903E+00
   0.31824    0.84727089E+00
   0.32609    0.83694272E+00
   0.33395    0.82928147E+00
   0.34182    0.81992833E+00
   0.34969    0.81260367E+00
   0.35756    0.80386322E+00
   0.36544    0.79718760E+00
   0.37332    0.78880683E+00
   0.38121    0.78232548E+00
   0.38910    0.77430955E+00
   0.39699    0.76849024E+00
   0.40489    0.76104195E+00
   0.41279    0.75543973E+00
   0.42070    0.74825964E+00
   0.42861    0.74281260E+00
   0.43652    0.73615719E+00
   0.44444    0.73099845E+00
   0.45236    0.72459603E+00
   0.46028    0.71927536E+00
   0.46820    0.71372515E+00
   0.47612    0.70836413E+00
   0.48405    0.70287491E+00
   0.49199    0.69765663E+00
   0.49993    0.69234098E+00
   0.50787    0.68765994E+00
   0.51581    0.68242073E+00
   0.52375    0.67761063E+00
   0.53170    0.67244229E+00
   0.53965    0.66817931E+00
   0.54760    0.66295781E+00
   0.55556    0.65879959E+00
   0.56351    0.65346811E+00
   0.57148    0.64948392E+00
   0.57944    0.64460595E+00
   0.58740    0.64047927E+00
   0.59537    0.63557969E+00
   0.60334    0.63137339E+00
   0.61130    0.62685619E+00
   0.61928    0.62222794E+00
   0.62725    0.61788865E+00
   0.63523    0.61312189E+00
   0.64321    0.60864179E+00
   0.65119    0.60427998E+00
   0.65917    0.59939569E+00
   0.66715    0.59488187E+00
   0.67514    0.59031484E+00
   0.68313    0.58578804E+00
   0.69112    0.58111322E+00
   0.69911    0.57647019E+00
   0.70710    0.57151640E+00
   0.71510    0.56714040E+00
   0.72309    0.56251205E+00
   0.73109    0.55767678E+00
   0.73909    0.55284906E+00
   0.74710    0.54825893E+00
   0.75510    0.54339035E+00
   0.76311    0.53822859E+00
   0.77111    0.53348210E+00
   0.77912    0.52816454E+00
   0.78713    0.52318630E+00
   0.79515    0.51791302E+00
   0.80316    0.51269809E+00
   0.81118    0.50707456E+00
   0.81920    0.50192243E+00
   0.82722    0.49634486E+00
   0.83524    0.49077044E+00
   0.84326    0.48491981E+00
   0.85128    0.47884050E+00
   0.85931    0.47284435E+00
   0.86733    0.46689654E+00
   0.87537    0.46008107E+00
   0.88340    0.45364806E+00
   0.89144    0.44661336E+00
   0.89947    0.43974653E+00
   0.90751    0.43166398E+00
   0.91555    0.42714176E+00
   0.92360    0.41851042E+00
   0.92861    0.41354843E+00
   0.93340    0.40831244E+00
   0.93795    0.40346346E+00
   0.94226    0.39680278E+00
   0.94634    0.39297733E+00
   0.95018    0.38587032E+00
   0.95378    0.38234248E+00
   0.95712    0.37520931E+00
   0.96023    0.37181026E+00
   0.96308    0.36561054E+00
   0.96568    0.36278554E+00
   0.96802    0.35663685E+00
   0.97011    0.35550472E+00
   0.97193    0.34796330E+00
   0.97349    0.35036984E+00
   0.97479    0.33800530E+00
   0.97581    0.34439202E+00
   0.97657    0.30785522E+00
   0.97705    0.27031514E+00
   0.97725    0.20615385E+00
