   0.00000     0.52745658E+00    -0.36082326E+03    -0.75358291E+01    -0.32656336E+03     0.00000000E+00
   0.00360    -0.28280320E+00    -0.36398129E+03     0.20213615E+02    -0.53034206E+02     0.00000000E+00
   0.00719    -0.61595704E+00    -0.25224730E+03     0.20247312E+02     0.11851484E+03     0.00000000E+00
   0.01079    -0.60071265E+00    -0.16759776E+03     0.10645454E+02     0.12602396E+03     0.00000000E+00
   0.01439    -0.56953851E+00    -0.12044893E+03     0.67631321E+01     0.10462979E+03     0.00000000E+00
   0.01799    -0.50975762E+00    -0.89936252E+02     0.44842472E+01     0.83403495E+02     0.00000000E+00
   0.02158    -0.46593494E+00    -0.70354084E+02     0.32286134E+01     0.67481484E+02     0.00000000E+00
   0.02518    -0.42044616E+00    -0.56237950E+02     0.25020575E+01     0.54993062E+02     0.00000000E+00
   0.02878    -0.38385324E+00    -0.45545959E+02     0.19661695E+01     0.45048744E+02     0.00000000E+00
   0.03237    -0.34683360E+00    -0.37315780E+02     0.15371237E+01     0.37141022E+02     0.00000000E+00
   0.03597    -0.31681210E+00    -0.30994813E+02     0.12826549E+01     0.30957992E+02     0.00000000E+00
   0.03957    -0.28725724E+00    -0.25716302E+02     0.11010701E+01     0.25731225E+02     0.00000000E+00
   0.04317    -0.26206313E+00    -0.21381364E+02     0.92237708E+00     0.21400828E+02     0.00000000E+00
   0.04676    -0.23793944E+00    -0.17757189E+02     0.78476727E+00     0.17764800E+02     0.00000000E+00
   0.05036    -0.21654569E+00    -0.14747542E+02     0.67487700E+00     0.14737914E+02     0.00000000E+00
   0.05396    -0.19651391E+00    -0.12144121E+02     0.58770075E+00     0.12119367E+02     0.00000000E+00
   0.05755    -0.17826988E+00    -0.99313531E+01     0.50876053E+00     0.98941520E+01     0.00000000E+00
   0.06115    -0.16140492E+00    -0.79869731E+01     0.43789343E+00     0.79446279E+01     0.00000000E+00
   0.06475    -0.14573275E+00    -0.63404619E+01     0.37449708E+00     0.62982005E+01     0.00000000E+00
   0.06835    -0.13135416E+00    -0.48968155E+01     0.33394401E+00     0.48607042E+01     0.00000000E+00
   0.07194    -0.11777528E+00    -0.36324836E+01     0.29660779E+00     0.36066534E+01     0.00000000E+00
   0.07554    -0.10543509E+00    -0.25151599E+01     0.26132120E+00     0.25049793E+01     0.00000000E+00
   0.07914    -0.93661370E-01    -0.15492913E+01     0.22851237E+00     0.15569600E+01     0.00000000E+00
   0.08273    -0.83022546E-01    -0.69355029E+00     0.20538200E+00     0.72319429E+00     0.00000000E+00
   0.08633    -0.72721262E-01     0.58080533E-01     0.17783676E+00    -0.63741954E-02     0.00000000E+00
   0.08993    -0.63463884E-01     0.71697672E+00     0.15235979E+00    -0.64160624E+00     0.00000000E+00
   0.09353    -0.54434069E-01     0.12975975E+01     0.12935028E+00    -0.11974542E+01     0.00000000E+00
   0.09712    -0.46360343E-01     0.18058617E+01     0.11041008E+00    -0.16809895E+01     0.00000000E+00
   0.10072    -0.38455751E-01     0.22555063E+01     0.95533846E-01    -0.21037172E+01     0.00000000E+00
   0.10432    -0.31369356E-01     0.26503457E+01     0.82616818E-01    -0.24697082E+01     0.00000000E+00
   0.10791    -0.24381554E-01     0.29914645E+01     0.71424344E-01    -0.27840710E+01     0.00000000E+00
   0.11151    -0.18136847E-01     0.32903870E+01     0.61140584E-01    -0.30592642E+01     0.00000000E+00
   0.11511    -0.11970240E-01     0.35541169E+01     0.50921250E-01    -0.32983224E+01     0.00000000E+00
   0.11871    -0.64514775E-02     0.37830139E+01     0.39797708E-01    -0.35035721E+01     0.00000000E+00
   0.12230    -0.10029216E-02     0.39859150E+01     0.27858514E-01    -0.36796574E+01     0.00000000E+00
   0.12590     0.39244113E-02     0.41472054E+01     0.19930564E-01    -0.38179553E+01     0.00000000E+00
   0.12950     0.87488410E-02     0.42924762E+01     0.16664835E-01    -0.39448121E+01     0.00000000E+00
   0.13309     0.13121047E-01     0.44215346E+01     0.10746058E-01    -0.40527821E+01     0.00000000E+00
   0.13669     0.17454621E-01     0.45300233E+01     0.30855008E-02    -0.41371272E+01     0.00000000E+00
   0.14029     0.21313317E-01     0.46107724E+01    -0.39626094E-03    -0.41981306E+01     0.00000000E+00
   0.14388     0.25133230E-01     0.46828948E+01    -0.73080293E-03    -0.42542003E+01     0.00000000E+00
   0.14748     0.28541576E-01     0.47454298E+01    -0.35754319E-02    -0.42997325E+01     0.00000000E+00
   0.15108     0.31908792E-01     0.47966950E+01    -0.72158796E-02    -0.43323922E+01     0.00000000E+00
   0.15468     0.34983394E-01     0.48311067E+01    -0.89306870E-02    -0.43511560E+01     0.00000000E+00
   0.15827     0.37922628E-01     0.48636265E+01    -0.11158289E-01    -0.43681122E+01     0.00000000E+00
   0.16187     0.40696954E-01     0.48818278E+01    -0.12860396E-01    -0.43717043E+01     0.00000000E+00
   0.16547     0.43295937E-01     0.48990558E+01    -0.13408349E-01    -0.43764083E+01     0.00000000E+00
   0.16906     0.45817769E-01     0.49109128E+01    -0.15443762E-01    -0.43740470E+01     0.00000000E+00
   0.17266     0.48207765E-01     0.49143799E+01    -0.15811000E-01    -0.43660838E+01     0.00000000E+00
   0.17626     0.50512690E-01     0.49187018E+01    -0.14266190E-01    -0.43607085E+01     0.00000000E+00
   0.17986     0.52717724E-01     0.49233853E+01    -0.14685512E-01    -0.43536217E+01     0.00000000E+00
   0.18345     0.54799011E-01     0.49246592E+01    -0.16941933E-01    -0.43413805E+01     0.00000000E+00
   0.18705     0.56781483E-01     0.49181067E+01    -0.18642093E-01    -0.43218592E+01     0.00000000E+00
   0.19065     0.58627134E-01     0.49067323E+01    -0.17198795E-01    -0.43023889E+01     0.00000000E+00
   0.19424     0.60382666E-01     0.49008142E+01    -0.15792246E-01    -0.42876754E+01     0.00000000E+00
   0.19784     0.62106804E-01     0.48902029E+01    -0.14900797E-01    -0.42690794E+01     0.00000000E+00
   0.20144     0.63725496E-01     0.48852116E+01    -0.15825579E-01    -0.42532466E+01     0.00000000E+00
   0.20504     0.65373626E-01     0.48681880E+01    -0.16953828E-01    -0.42270194E+01     0.00000000E+00
   0.20863     0.66836597E-01     0.48552105E+01    -0.16229697E-01    -0.42063752E+01     0.00000000E+00
   0.21223     0.68343739E-01     0.48361939E+01    -0.13723301E-01    -0.41826337E+01     0.00000000E+00
   0.21583     0.69624003E-01     0.48283282E+01    -0.15986620E-01    -0.41648600E+01     0.00000000E+00
   0.21942     0.71044285E-01     0.47995307E+01    -0.17973384E-01    -0.41287547E+01     0.00000000E+00
   0.22302     0.72184538E-01     0.47791552E+01    -0.15241325E-01    -0.41068221E+01     0.00000000E+00
   0.22662     0.73614545E-01     0.47594562E+01    -0.15482360E-01    -0.40811140E+01     0.00000000E+00
   0.23022     0.74722722E-01     0.47370272E+01    -0.16422740E-01    -0.40532762E+01     0.00000000E+00
   0.23381     0.76205396E-01     0.47122030E+01    -0.19581704E-01    -0.40215475E+01     0.00000000E+00
   0.23741     0.77234126E-01     0.46783797E+01    -0.20658355E-01    -0.39841928E+01     0.00000000E+00
   0.24101     0.78676196E-01     0.46456767E+01    -0.18168760E-01    -0.39520685E+01     0.00000000E+00
   0.24460     0.79655283E-01     0.46191066E+01    -0.18402229E-01    -0.39235937E+01     0.00000000E+00
   0.24820     0.81062249E-01     0.45859337E+01    -0.21604000E-01    -0.38851132E+01     0.00000000E+00
   0.25180     0.81999555E-01     0.45443553E+01    -0.24289081E-01    -0.38424083E+01     0.00000000E+00
   0.25540     0.83311075E-01     0.45025569E+01    -0.21920414E-01    -0.38029183E+01     0.00000000E+00
   0.25899     0.84153656E-01     0.44649400E+01    -0.22072646E-01    -0.37653746E+01     0.00000000E+00
   0.26259     0.85395246E-01     0.44210886E+01    -0.22061039E-01    -0.37225886E+01     0.00000000E+00
   0.26619     0.86086753E-01     0.43819939E+01    -0.25650535E-01    -0.36799516E+01     0.00000000E+00
   0.26978     0.87374519E-01     0.43240397E+01    -0.25683107E-01    -0.36256459E+01     0.00000000E+00
   0.27338     0.87999660E-01     0.42846952E+01    -0.23811439E-01    -0.35888520E+01     0.00000000E+00
   0.27698     0.89268245E-01     0.42353471E+01    -0.23675744E-01    -0.35418384E+01     0.00000000E+00
   0.28058     0.90058145E-01     0.41942621E+01    -0.25658113E-01    -0.35001231E+01     0.00000000E+00
   0.28417     0.91144691E-01     0.41413386E+01    -0.24997796E-01    -0.34500970E+01     0.00000000E+00
   0.28777     0.91931375E-01     0.40988776E+01    -0.23802665E-01    -0.34113817E+01     0.00000000E+00
   0.29137     0.92927749E-01     0.40511798E+01    -0.24470562E-01    -0.33638361E+01     0.00000000E+00
   0.29496     0.93482733E-01     0.40043952E+01    -0.22756468E-01    -0.33214139E+01     0.00000000E+00
   0.29856     0.94579643E-01     0.39615445E+01    -0.23777264E-01    -0.32783344E+01     0.00000000E+00
   0.30216     0.94993949E-01     0.39132394E+01    -0.23353067E-01    -0.32328259E+01     0.00000000E+00
   0.30576     0.96175785E-01     0.38737577E+01    -0.19481782E-01    -0.31981425E+01     0.00000000E+00
   0.30935     0.96704391E-01     0.38413802E+01    -0.20424215E-01    -0.31639658E+01     0.00000000E+00
   0.31295     0.97813052E-01     0.38021835E+01    -0.20806466E-01    -0.31239868E+01     0.00000000E+00
   0.31655     0.98380770E-01     0.37668717E+01    -0.19054422E-01    -0.30914139E+01     0.00000000E+00
   0.32014     0.99358146E-01     0.37382936E+01    -0.15673113E-01    -0.30634464E+01     0.00000000E+00
   0.32374     0.99689696E-01     0.37144573E+01    -0.12736632E-01    -0.30396388E+01     0.00000000E+00
   0.32734     0.10076339E+00     0.36958722E+01    -0.10215775E-01    -0.30177362E+01     0.00000000E+00
   0.33094     0.10090147E+00     0.36821010E+01    -0.11216288E-01    -0.29965404E+01     0.00000000E+00
   0.33453     0.10187712E+00     0.36641857E+01    -0.67225696E-02    -0.29767313E+01     0.00000000E+00
   0.33813     0.10211272E+00     0.36678599E+01    -0.99046222E-03    -0.29763607E+01     0.00000000E+00
   0.34173     0.10289212E+00     0.36795030E+01     0.24347377E-02    -0.29757950E+01     0.00000000E+00
   0.34532     0.10326968E+00     0.36942820E+01     0.34935675E-02    -0.29790497E+01     0.00000000E+00
   0.34892     0.10408483E+00     0.37227754E+01     0.13200768E-01    -0.29963107E+01     0.00000000E+00
   0.35252     0.10461368E+00     0.37710570E+01     0.16425873E-01    -0.30305961E+01     0.00000000E+00
   0.35612     0.10516493E+00     0.38369931E+01     0.23110511E-01    -0.30712950E+01     0.00000000E+00
   0.35971     0.10607515E+00     0.39045952E+01     0.29785302E-01    -0.31187803E+01     0.00000000E+00
   0.36331     0.10663342E+00     0.40066434E+01     0.35520248E-01    -0.31913672E+01     0.00000000E+00
   0.36691     0.10732725E+00     0.41137309E+01     0.43018600E-01    -0.32665838E+01     0.00000000E+00
   0.37050     0.10833208E+00     0.42457532E+01     0.50286356E-01    -0.33646951E+01     0.00000000E+00
   0.37410     0.10915218E+00     0.44002111E+01     0.56194595E-01    -0.34780097E+01     0.00000000E+00
   0.37770     0.11018044E+00     0.45705626E+01     0.61716185E-01    -0.36002447E+01     0.00000000E+00
   0.38129     0.11114361E+00     0.47528040E+01     0.67088417E-01    -0.37384144E+01     0.00000000E+00
   0.38489     0.11274322E+00     0.49614068E+01     0.74298091E-01    -0.38961219E+01     0.00000000E+00
   0.38849     0.11364240E+00     0.51911135E+01     0.76252302E-01    -0.40694766E+01     0.00000000E+00
   0.39209     0.11571232E+00     0.54266897E+01     0.84101541E-01    -0.42468190E+01     0.00000000E+00
   0.39568     0.11730014E+00     0.56792239E+01     0.78342644E-01    -0.44372687E+01     0.00000000E+00
   0.39928     0.11931862E+00     0.59213774E+01     0.81817728E-01    -0.46178150E+01     0.00000000E+00
   0.40288     0.12130424E+00     0.61746096E+01     0.73033688E-01    -0.48181033E+01     0.00000000E+00
   0.40647     0.12426128E+00     0.64041512E+01     0.75406905E-01    -0.49875535E+01     0.00000000E+00
   0.41007     0.12647863E+00     0.66250682E+01     0.51894859E-01    -0.51604356E+01     0.00000000E+00
   0.41367     0.12981253E+00     0.67795470E+01     0.45216467E-01    -0.52751998E+01     0.00000000E+00
   0.41727     0.13332573E+00     0.69218097E+01     0.19945312E-01    -0.54022335E+01     0.00000000E+00
   0.42086     0.13740772E+00     0.69772065E+01     0.27585641E-01    -0.54300484E+01     0.00000000E+00
   0.42446     0.14096357E+00     0.70400931E+01    -0.64152773E-01    -0.55150153E+01     0.00000000E+00
   0.42806     0.14731186E+00     0.68723738E+01    -0.19032588E+00    -0.54607186E+01     0.00000000E+00
   0.43165     0.14966947E+00     0.66431089E+01    -0.72832095E-01    -0.52280829E+01     0.00000000E+00
   0.43525     0.15269091E+00     0.64657642E+01    -0.40192442E-01    -0.50867326E+01     0.00000000E+00
   0.43885     0.15560250E+00     0.61786082E+01    -0.11710312E+00    -0.49194549E+01     0.00000000E+00
   0.44245     0.15832998E+00     0.59174182E+01    -0.11986851E+00    -0.47170525E+01     0.00000000E+00
   0.44604     0.16119819E+00     0.55126297E+01    -0.16989239E+00    -0.44302351E+01     0.00000000E+00
   0.44964     0.16376564E+00     0.50969895E+01    -0.17937902E+00    -0.41017368E+01     0.00000000E+00
   0.45324     0.16656491E+00     0.45453287E+01    -0.22516100E+00    -0.36890974E+01     0.00000000E+00
   0.45683     0.16884729E+00     0.39456563E+01    -0.24477352E+00    -0.32170263E+01     0.00000000E+00
   0.46043     0.17155964E+00     0.31838850E+01    -0.30255398E+00    -0.26466393E+01     0.00000000E+00
   0.46403     0.17335561E+00     0.23193637E+01    -0.33570231E+00    -0.19926637E+01     0.00000000E+00
   0.46763     0.17600436E+00     0.12335540E+01    -0.42580974E+00    -0.12127166E+01     0.00000000E+00
   0.47122     0.17721994E+00    -0.90597430E-01    -0.50495327E+00    -0.26982769E+00     0.00000000E+00
   0.47482     0.17985043E+00    -0.18377019E+01    -0.68361211E+00     0.85493974E+00     0.00000000E+00
   0.47842     0.18019243E+00    -0.41178086E+01    -0.84952488E+00     0.22397555E+01     0.00000000E+00
   0.48201     0.18259987E+00    -0.72984861E+01    -0.12888583E+01     0.37220291E+01     0.00000000E+00
   0.48561     0.18173667E+00    -0.11838692E+02    -0.16542448E+01     0.53576406E+01     0.00000000E+00
   0.48921     0.18091745E+00    -0.18120885E+02    -0.31091992E+01     0.52436004E+01     0.00000000E+00
   0.49281     0.17785633E+00    -0.28324335E+02    -0.19813398E+01     0.26106551E+01     0.00000000E+00
   0.49640     0.14396861E+00    -0.31748836E+02     0.19933123E+01    -0.14060144E+02     0.00000000E+00
   0.50000     0.10307692E+00     0.99862804E+00     0.19483353E+02    -0.70123016E+01     0.00000000E+00
   0.50360     0.13515757E+00     0.46586313E+02     0.98119028E+01    -0.23854931E+02     0.00000000E+00
   0.50719     0.15392761E+00     0.57052137E+02    -0.24910561E+00    -0.47862934E+02     0.00000000E+00
   0.51079     0.17219601E+00     0.53059661E+02    -0.70165288E+00    -0.50892038E+02     0.00000000E+00
   0.51439     0.16900265E+00     0.48867007E+02    -0.87010395E+00    -0.48345780E+02     0.00000000E+00
   0.51799     0.17518492E+00     0.46384022E+02    -0.44310656E+00    -0.46345898E+02     0.00000000E+00
   0.52158     0.17398165E+00     0.44280258E+02    -0.37471353E+00    -0.44269366E+02     0.00000000E+00
   0.52518     0.17775236E+00     0.42991662E+02    -0.22974652E+00    -0.42890173E+02     0.00000000E+00
   0.52878     0.17831842E+00     0.41883389E+02    -0.17257276E+00    -0.41664936E+02     0.00000000E+00
   0.53237     0.18139277E+00     0.40932955E+02    -0.23392919E+00    -0.40632469E+02     0.00000000E+00
   0.53597     0.18280527E+00     0.40126581E+02    -0.12311249E+00    -0.39752573E+02     0.00000000E+00
   0.53957     0.18590513E+00     0.39429937E+02    -0.14963479E+00    -0.39027056E+02     0.00000000E+00
   0.54317     0.18760465E+00     0.38894634E+02    -0.11793957E+00    -0.38442935E+02     0.00000000E+00
   0.54676     0.19117124E+00     0.38210719E+02    -0.16222363E+00    -0.37732412E+02     0.00000000E+00
   0.55036     0.19293516E+00     0.37623120E+02    -0.14053781E+00    -0.37128081E+02     0.00000000E+00
   0.55396     0.19648867E+00     0.37002484E+02    -0.16090278E+00    -0.36502883E+02     0.00000000E+00
   0.55755     0.19840139E+00     0.36421602E+02    -0.12201624E+00    -0.35923290E+02     0.00000000E+00
   0.56115     0.20173173E+00     0.35885696E+02    -0.14752591E+00    -0.35400583E+02     0.00000000E+00
   0.56475     0.20415622E+00     0.35277784E+02    -0.13627826E-01    -0.34793960E+02     0.00000000E+00
   0.56835     0.20677422E+00     0.34848030E+02    -0.13661903E+00    -0.34414653E+02     0.00000000E+00
   0.57194     0.20925521E+00     0.35263453E+02    -0.19980656E+00    -0.34860424E+02     0.00000000E+00
   0.57554     0.21357088E+00     0.34621271E+02     0.23842329E+00    -0.34153247E+02     0.00000000E+00
   0.57914     0.21583199E+00     0.34022430E+02    -0.65168953E-01    -0.33583188E+02     0.00000000E+00
   0.58273     0.21987326E+00     0.33698942E+02    -0.17195318E+00    -0.33268166E+02     0.00000000E+00
   0.58633     0.22330668E+00     0.33331034E+02    -0.35922234E-01    -0.32882900E+02     0.00000000E+00
   0.58993     0.22682403E+00     0.33147910E+02    -0.67580082E-01    -0.32694127E+02     0.00000000E+00
   0.59353     0.23004054E+00     0.32895851E+02    -0.49134388E-01    -0.32422204E+02     0.00000000E+00
   0.59712     0.23344827E+00     0.32681218E+02    -0.62377175E-01    -0.32199310E+02     0.00000000E+00
   0.60072     0.23642217E+00     0.32467468E+02    -0.39247763E-01    -0.31977887E+02     0.00000000E+00
   0.60432     0.23942025E+00     0.32342477E+02    -0.42794469E-01    -0.31842396E+02     0.00000000E+00
   0.60791     0.24245991E+00     0.32172429E+02    -0.51126839E-01    -0.31655457E+02     0.00000000E+00
   0.61151     0.24538522E+00     0.32003084E+02    -0.44827611E-01    -0.31479824E+02     0.00000000E+00
   0.61511     0.24817243E+00     0.31893447E+02    -0.43236329E-01    -0.31357463E+02     0.00000000E+00
   0.61871     0.25096122E+00     0.31736681E+02    -0.32739367E-01    -0.31194258E+02     0.00000000E+00
   0.62230     0.25353728E+00     0.31684635E+02    -0.21287054E-01    -0.31133757E+02     0.00000000E+00
   0.62590     0.25634905E+00     0.31603758E+02    -0.33498139E-01    -0.31034689E+02     0.00000000E+00
   0.62950     0.25895651E+00     0.31508796E+02    -0.34031511E-01    -0.30926777E+02     0.00000000E+00
   0.63309     0.26159315E+00     0.31424575E+02    -0.21187209E-01    -0.30834199E+02     0.00000000E+00
   0.63669     0.26408227E+00     0.31392626E+02    -0.23091115E-01    -0.30788174E+02     0.00000000E+00
   0.64029     0.26674105E+00     0.31315701E+02    -0.22139591E-01    -0.30697360E+02     0.00000000E+00
   0.64388     0.26911429E+00     0.31282521E+02    -0.12869836E-01    -0.30655325E+02     0.00000000E+00
   0.64748     0.27169518E+00     0.31262831E+02    -0.25937214E-01    -0.30615386E+02     0.00000000E+00
   0.65108     0.27412946E+00     0.31179178E+02    -0.16016405E-01    -0.30523628E+02     0.00000000E+00
   0.65468     0.27642453E+00     0.31196164E+02     0.99402408E-02    -0.30534951E+02     0.00000000E+00
   0.65827     0.27883839E+00     0.31228061E+02    -0.37090851E-02    -0.30545088E+02     0.00000000E+00
   0.66187     0.28125602E+00     0.31205333E+02    -0.19095560E-01    -0.30501821E+02     0.00000000E+00
   0.66547     0.28357020E+00     0.31175131E+02     0.83201711E-02    -0.30466497E+02     0.00000000E+00
   0.66906     0.28575820E+00     0.31252657E+02     0.22559898E-01    -0.30531021E+02     0.00000000E+00
   0.67266     0.28823510E+00     0.31292120E+02    -0.33523953E-02    -0.30541759E+02     0.00000000E+00
   0.67626     0.29055661E+00     0.31273160E+02    -0.69493771E-02    -0.30507096E+02     0.00000000E+00
   0.67986     0.29289402E+00     0.31302200E+02     0.63007633E-02    -0.30523946E+02     0.00000000E+00
   0.68345     0.29515742E+00     0.31334640E+02     0.19270460E-01    -0.30544072E+02     0.00000000E+00
   0.68705     0.29744093E+00     0.31414650E+02     0.34462355E-01    -0.30609963E+02     0.00000000E+00
   0.69065     0.29969784E+00     0.31507100E+02     0.21268877E-01    -0.30676528E+02     0.00000000E+00
   0.69424     0.30213999E+00     0.31547695E+02     0.73544181E-02    -0.30692319E+02     0.00000000E+00
   0.69784     0.30432090E+00     0.31588549E+02     0.35949590E-01    -0.30725461E+02     0.00000000E+00
   0.70144     0.30656094E+00     0.31735813E+02     0.39211243E-01    -0.30849614E+02     0.00000000E+00
   0.70504     0.30894432E+00     0.31794958E+02     0.28429177E-01    -0.30881718E+02     0.00000000E+00
   0.70863     0.31111397E+00     0.31900097E+02     0.41728933E-01    -0.30971256E+02     0.00000000E+00
   0.71223     0.31342810E+00     0.32019127E+02     0.33278410E-01    -0.31060150E+02     0.00000000E+00
   0.71583     0.31568670E+00     0.32091490E+02     0.48491389E-01    -0.31116967E+02     0.00000000E+00
   0.71942     0.31778984E+00     0.32271280E+02     0.55732407E-01    -0.31269905E+02     0.00000000E+00
   0.72302     0.32023963E+00     0.32368540E+02     0.44619030E-01    -0.31336950E+02     0.00000000E+00
   0.72662     0.32230298E+00     0.32513907E+02     0.46897374E-01    -0.31456843E+02     0.00000000E+00
   0.73022     0.32474196E+00     0.32628445E+02     0.70584994E-01    -0.31551445E+02     0.00000000E+00
   0.73381     0.32673406E+00     0.32850550E+02     0.78820850E-01    -0.31743356E+02     0.00000000E+00
   0.73741     0.32939979E+00     0.32994558E+02     0.57442573E-01    -0.31845555E+02     0.00000000E+00
   0.74101     0.33147891E+00     0.33141834E+02     0.58924142E-01    -0.31965734E+02     0.00000000E+00
   0.74460     0.33408966E+00     0.33309432E+02     0.70131734E-01    -0.32102536E+02     0.00000000E+00
   0.74820     0.33622114E+00     0.33492575E+02     0.94357727E-01    -0.32261576E+02     0.00000000E+00
   0.75180     0.33880531E+00     0.33745939E+02     0.94054941E-01    -0.32471866E+02     0.00000000E+00
   0.75540     0.34121036E+00     0.33920654E+02     0.71761167E-01    -0.32599899E+02     0.00000000E+00
   0.75899     0.34382997E+00     0.34108398E+02     0.81000043E-01    -0.32754344E+02     0.00000000E+00
   0.76259     0.34617049E+00     0.34328803E+02     0.11329035E+00    -0.32945229E+02     0.00000000E+00
   0.76619     0.34882831E+00     0.34622339E+02     0.11681613E+00    -0.33189655E+02     0.00000000E+00
   0.76978     0.35143746E+00     0.34845095E+02     0.10237348E+00    -0.33357743E+02     0.00000000E+00
   0.77338     0.35418206E+00     0.35090708E+02     0.98756230E-01    -0.33556005E+02     0.00000000E+00
   0.77698     0.35686258E+00     0.35317053E+02     0.10227374E+00    -0.33733565E+02     0.00000000E+00
   0.78058     0.35963768E+00     0.35580803E+02     0.13622793E+00    -0.33962562E+02     0.00000000E+00
   0.78417     0.36229801E+00     0.35930913E+02     0.12963321E+00    -0.34244502E+02     0.00000000E+00
   0.78777     0.36549922E+00     0.36155240E+02     0.11652326E+00    -0.34407538E+02     0.00000000E+00
   0.79137     0.36807859E+00     0.36475666E+02     0.13856373E+00    -0.34678000E+02     0.00000000E+00
   0.79496     0.37140630E+00     0.36789684E+02     0.15215190E+00    -0.34929799E+02     0.00000000E+00
   0.79856     0.37412982E+00     0.37145268E+02     0.14662090E+00    -0.35211010E+02     0.00000000E+00
   0.80216     0.37771987E+00     0.37441937E+02     0.14098370E+00    -0.35434469E+02     0.00000000E+00
   0.80576     0.38052097E+00     0.37789879E+02     0.14964848E+00    -0.35715450E+02     0.00000000E+00
   0.80935     0.38424512E+00     0.38137275E+02     0.17055082E+00    -0.35990502E+02     0.00000000E+00
   0.81295     0.38715477E+00     0.38551175E+02     0.19399570E+00    -0.36325975E+02     0.00000000E+00
   0.81655     0.39116274E+00     0.38967410E+02     0.18587121E+00    -0.36639476E+02     0.00000000E+00
   0.82014     0.39440342E+00     0.39336550E+02     0.16739556E+00    -0.36909168E+02     0.00000000E+00
   0.82374     0.39859380E+00     0.39714065E+02     0.17076516E+00    -0.37193713E+02     0.00000000E+00
   0.82734     0.40193161E+00     0.40119609E+02     0.19575708E+00    -0.37512418E+02     0.00000000E+00
   0.83094     0.40630183E+00     0.40596833E+02     0.21038128E+00    -0.37881872E+02     0.00000000E+00
   0.83453     0.40996417E+00     0.41043158E+02     0.20690174E+00    -0.38207518E+02     0.00000000E+00
   0.83813     0.41464073E+00     0.41515308E+02     0.22281504E+00    -0.38565839E+02     0.00000000E+00
   0.84173     0.41847136E+00     0.42032151E+02     0.22804660E+00    -0.38947070E+02     0.00000000E+00
   0.84532     0.42363545E+00     0.42516976E+02     0.23514411E+00    -0.39293950E+02     0.00000000E+00
   0.84892     0.42765451E+00     0.43064051E+02     0.24498260E+00    -0.39693386E+02     0.00000000E+00
   0.85252     0.43332508E+00     0.43583158E+02     0.23627958E+00    -0.40048505E+02     0.00000000E+00
   0.85612     0.43766972E+00     0.44108466E+02     0.24360912E+00    -0.40419897E+02     0.00000000E+00
   0.85971     0.44365439E+00     0.44694340E+02     0.28832680E+00    -0.40850207E+02     0.00000000E+00
   0.86331     0.44824492E+00     0.45374876E+02     0.30485232E+00    -0.41328017E+02     0.00000000E+00
   0.86691     0.45510630E+00     0.45969639E+02     0.26804807E+00    -0.41694815E+02     0.00000000E+00
   0.87050     0.46013346E+00     0.46539452E+02     0.26395578E+00    -0.42066594E+02     0.00000000E+00
   0.87410     0.46733208E+00     0.47210044E+02     0.32819224E+00    -0.42545419E+02     0.00000000E+00
   0.87770     0.47263732E+00     0.48015906E+02     0.34973118E+00    -0.43080978E+02     0.00000000E+00
   0.88129     0.48108864E+00     0.48680965E+02     0.31816115E+00    -0.43449357E+02     0.00000000E+00
   0.88489     0.48682270E+00     0.49376053E+02     0.31626578E+00    -0.43876219E+02     0.00000000E+00
   0.88849     0.49599907E+00     0.50112959E+02     0.33710329E+00    -0.44320942E+02     0.00000000E+00
   0.89209     0.50216114E+00     0.50904433E+02     0.38292179E+00    -0.44822739E+02     0.00000000E+00
   0.89568     0.51218896E+00     0.51848217E+02     0.41651323E+00    -0.45393407E+02     0.00000000E+00
   0.89928     0.51929867E+00     0.52685757E+02     0.38956237E+00    -0.45821784E+02     0.00000000E+00
   0.90288     0.53054003E+00     0.53556863E+02     0.39878045E+00    -0.46278374E+02     0.00000000E+00
   0.90647     0.53823023E+00     0.54477008E+02     0.43856915E+00    -0.46781039E+02     0.00000000E+00
   0.91007     0.55070958E+00     0.55539220E+02     0.46261305E+00    -0.47326930E+02     0.00000000E+00
   0.91367     0.55962803E+00     0.56485591E+02     0.45929122E+00    -0.47730006E+02     0.00000000E+00
   0.91727     0.57345034E+00     0.57572867E+02     0.48803982E+00    -0.48251364E+02     0.00000000E+00
   0.92086     0.58350275E+00     0.58677784E+02     0.50138377E+00    -0.48692483E+02     0.00000000E+00
   0.92446     0.59939441E+00     0.59769052E+02     0.52927436E+00    -0.49127718E+02     0.00000000E+00
   0.92806     0.61027349E+00     0.61107149E+02     0.58816992E+00    -0.49681665E+02     0.00000000E+00
   0.93165     0.62900667E+00     0.62367161E+02     0.58738062E+00    -0.50031451E+02     0.00000000E+00
   0.93525     0.64148203E+00     0.63619777E+02     0.57704108E+00    -0.50332254E+02     0.00000000E+00
   0.93885     0.66290941E+00     0.64939972E+02     0.63705429E+00    -0.50654092E+02     0.00000000E+00
   0.94245     0.67704013E+00     0.66523433E+02     0.69739023E+00    -0.51031895E+02     0.00000000E+00
   0.94604     0.70261702E+00     0.68012405E+02     0.72531514E+00    -0.51135742E+02     0.00000000E+00
   0.94964     0.71926394E+00     0.69601493E+02     0.74520710E+00    -0.51191723E+02     0.00000000E+00
   0.95324     0.74971268E+00     0.71167421E+02     0.77886734E+00    -0.51022481E+02     0.00000000E+00
   0.95683     0.76962247E+00     0.72838865E+02     0.84056001E+00    -0.50755581E+02     0.00000000E+00
   0.96043     0.80624508E+00     0.74619068E+02     0.91853122E+00    -0.50186764E+02     0.00000000E+00
   0.96403     0.83137862E+00     0.76266963E+02     0.90397408E+00    -0.49055793E+02     0.00000000E+00
   0.96763     0.87765885E+00     0.77508886E+02     0.94515123E+00    -0.47331261E+02     0.00000000E+00
   0.97122     0.90788313E+00     0.79006326E+02     0.10098840E+01    -0.45223854E+02     0.00000000E+00
   0.97482     0.96904910E+00     0.79587985E+02     0.10526786E+01    -0.41528894E+02     0.00000000E+00
   0.97842     0.10078904E+01     0.79206322E+02     0.99793506E+00    -0.36298024E+02     0.00000000E+00
   0.98201     0.10923352E+01     0.75831414E+02     0.74168603E+00    -0.28587186E+02     0.00000000E+00
   0.98561     0.11421113E+01     0.67202001E+02     0.34937386E+00    -0.17463804E+02     0.00000000E+00
   0.98921     0.12550150E+01     0.45037866E+02    -0.17848720E+01    -0.51271232E+01     0.00000000E+00
   0.99281     0.12801877E+01    -0.14702230E+02    -0.97226567E+01    -0.13295006E+02     0.00000000E+00
   0.99640     0.12280775E+01    -0.17446244E+03    -0.20743035E+02    -0.15210247E+03     0.00000000E+00
   1.00000     0.52745658E+00    -0.36082326E+03    -0.75358291E+01    -0.32656336E+03     0.00000000E+00
