   0.00000    0.10549132E+01
   0.00492   -0.56560641E+00
   0.01332   -0.12319141E+01
   0.02229   -0.12014253E+01
   0.03097   -0.11390770E+01
   0.03951   -0.10195152E+01
   0.04794   -0.93186988E+00
   0.05631   -0.84089232E+00
   0.06461   -0.76770649E+00
   0.07286   -0.69366720E+00
   0.08108   -0.63362420E+00
   0.08926   -0.57451448E+00
   0.09740   -0.52412626E+00
   0.10553   -0.47587887E+00
   0.11363   -0.43309137E+00
   0.12171   -0.39302782E+00
   0.12976   -0.35653975E+00
   0.13780   -0.32280983E+00
   0.14583   -0.29146549E+00
   0.15384   -0.26270832E+00
   0.16184   -0.23555056E+00
   0.16982   -0.21087017E+00
   0.17779   -0.18732274E+00
   0.18575   -0.16604509E+00
   0.19369   -0.14544252E+00
   0.20162   -0.12692777E+00
   0.20955   -0.10886814E+00
   0.21746   -0.92720686E-01
   0.22536   -0.76911502E-01
   0.23326   -0.62738713E-01
   0.24114   -0.48763108E-01
   0.24902   -0.36273695E-01
   0.25689   -0.23940479E-01
   0.26476   -0.12902955E-01
   0.27261   -0.20058431E-02
   0.28046    0.78488226E-02
   0.28830    0.17497682E-01
   0.29614    0.26242094E-01
   0.30397    0.34909242E-01
   0.31179    0.42626633E-01
   0.31961    0.50266460E-01
   0.32742    0.57083151E-01
   0.33523    0.63817583E-01
   0.34303    0.69966788E-01
   0.35082    0.75845256E-01
   0.35861    0.81393907E-01
   0.36640    0.86591873E-01
   0.37418    0.91635537E-01
   0.38196    0.96415530E-01
   0.38973    0.10102538E+00
   0.39750    0.10543545E+00
   0.40526    0.10959802E+00
   0.41302    0.11356297E+00
   0.42078    0.11725427E+00
   0.42853    0.12076533E+00
   0.43628    0.12421361E+00
   0.44402    0.12745099E+00
   0.45176    0.13074725E+00
   0.45950    0.13367319E+00
   0.46723    0.13668748E+00
   0.47497    0.13924801E+00
   0.48269    0.14208857E+00
   0.49041    0.14436908E+00
   0.49813    0.14722909E+00
   0.50585    0.14944544E+00
   0.51357    0.15241079E+00
   0.52128    0.15446825E+00
   0.52899    0.15735239E+00
   0.53670    0.15931057E+00
   0.54441    0.16212450E+00
   0.55211    0.16399911E+00
   0.55981    0.16662215E+00
   0.56750    0.16830731E+00
   0.57520    0.17079049E+00
   0.58290    0.17217351E+00
   0.59058    0.17474904E+00
   0.59827    0.17599932E+00
   0.60596    0.17853649E+00
   0.61364    0.18011629E+00
   0.62132    0.18228938E+00
   0.62901    0.18386275E+00
   0.63668    0.18585550E+00
   0.64436    0.18696547E+00
   0.65203    0.18915929E+00
   0.65970    0.18998790E+00
   0.66738    0.19235157E+00
   0.67504    0.19340878E+00
   0.68271    0.19562610E+00
   0.69037    0.19676154E+00
   0.69804    0.19871629E+00
   0.70570    0.19937939E+00
   0.71336    0.20152679E+00
   0.72101    0.20180294E+00
   0.72867    0.20375425E+00
   0.73632    0.20422544E+00
   0.74397    0.20578424E+00
   0.75162    0.20653936E+00
   0.75927    0.20816967E+00
   0.76692    0.20922735E+00
   0.77456    0.21032987E+00
   0.78220    0.21215029E+00
   0.78985    0.21326684E+00
   0.79748    0.21465449E+00
   0.80512    0.21666416E+00
   0.81276    0.21830436E+00
   0.82039    0.22036088E+00
   0.82802    0.22228722E+00
   0.83565    0.22548645E+00
   0.84328    0.22728480E+00
   0.85091    0.23142464E+00
   0.85852    0.23460027E+00
   0.86615    0.23863725E+00
   0.87377    0.24260847E+00
   0.88139    0.24852256E+00
   0.88900    0.25295726E+00
   0.89662    0.25962506E+00
   0.90423    0.26665146E+00
   0.91184    0.27481544E+00
   0.91945    0.28192715E+00
   0.92706    0.29462372E+00
   0.93180    0.29933893E+00
   0.93633    0.30538182E+00
   0.94064    0.31120500E+00
   0.94474    0.31665996E+00
   0.94860    0.32239638E+00
   0.95224    0.32753127E+00
   0.95565    0.33312982E+00
   0.95881    0.33769458E+00
   0.96175    0.34311929E+00
   0.96444    0.34671123E+00
   0.96688    0.35200873E+00
   0.96908    0.35443989E+00
   0.97102    0.35970086E+00
   0.97271    0.36038487E+00
   0.97414    0.36519975E+00
   0.97530    0.36347334E+00
   0.97620    0.36183491E+00
   0.97683    0.35571266E+00
   0.97718    0.28793723E+00
   0.97725    0.20615385E+00
