   0.00000    0.15000325E+01
   0.00461   -0.56567746E-01
   0.01281   -0.79030225E+00
   0.02164   -0.86802290E+00
   0.03024   -0.87589022E+00
   0.03871   -0.80675946E+00
   0.04710   -0.74491075E+00
   0.05542   -0.67998039E+00
   0.06370   -0.62144779E+00
   0.07193   -0.56345281E+00
   0.08014   -0.51220228E+00
   0.08831   -0.46272377E+00
   0.09646   -0.41757631E+00
   0.10459   -0.37475260E+00
   0.11270   -0.33507475E+00
   0.12079   -0.29784969E+00
   0.12886   -0.26275407E+00
   0.13692   -0.22989540E+00
   0.14496   -0.19871205E+00
   0.15300   -0.16955969E+00
   0.16102   -0.14181921E+00
   0.16903   -0.11563611E+00
   0.17703   -0.90763294E-01
   0.18502   -0.67348441E-01
   0.19299   -0.45039577E-01
   0.20097   -0.23935827E-01
   0.20892   -0.37337358E-02
   0.21688    0.15373356E-01
   0.22482    0.33607682E-01
   0.23276    0.50913322E-01
   0.24069    0.67383165E-01
   0.24861    0.83080049E-01
   0.25653    0.98044702E-01
   0.26444    0.11231809E+00
   0.27234    0.12602349E+00
   0.28024    0.13903060E+00
   0.28813    0.15142570E+00
   0.29602    0.16324779E+00
   0.30390    0.17456295E+00
   0.31178    0.18542570E+00
   0.31965    0.19576742E+00
   0.32752    0.20571402E+00
   0.33538    0.21517710E+00
   0.34324    0.22425433E+00
   0.35109    0.23293230E+00
   0.35894    0.24125499E+00
   0.36678    0.24927332E+00
   0.37463    0.25695585E+00
   0.38246    0.26436135E+00
   0.39030    0.27140808E+00
   0.39813    0.27818056E+00
   0.40596    0.28458638E+00
   0.41378    0.29084594E+00
   0.42160    0.29662734E+00
   0.42942    0.30250074E+00
   0.43723    0.30784206E+00
   0.44504    0.31337668E+00
   0.45285    0.31836299E+00
   0.46066    0.32341831E+00
   0.46846    0.32799588E+00
   0.47626    0.33258500E+00
   0.48406    0.33682320E+00
   0.49184    0.34108883E+00
   0.49964    0.34493825E+00
   0.50743    0.34902078E+00
   0.51521    0.35250950E+00
   0.52300    0.35634282E+00
   0.53078    0.35951772E+00
   0.53856    0.36307508E+00
   0.54634    0.36608116E+00
   0.55411    0.36947896E+00
   0.56189    0.37219947E+00
   0.56966    0.37548150E+00
   0.57743    0.37789607E+00
   0.58520    0.38106639E+00
   0.59296    0.38319933E+00
   0.60073    0.38619870E+00
   0.60849    0.38807443E+00
   0.61625    0.39101416E+00
   0.62401    0.39267592E+00
   0.63177    0.39553384E+00
   0.63953    0.39712649E+00
   0.64728    0.39979886E+00
   0.65503    0.40139774E+00
   0.66278    0.40393976E+00
   0.67053    0.40547525E+00
   0.67828    0.40786218E+00
   0.68602    0.40945372E+00
   0.69377    0.41167502E+00
   0.70151    0.41304474E+00
   0.70925    0.41555581E+00
   0.71699    0.41639117E+00
   0.72473    0.41914189E+00
   0.73246    0.41989198E+00
   0.74020    0.42230127E+00
   0.74793    0.42329592E+00
   0.75567    0.42573401E+00
   0.76339    0.42642432E+00
   0.77113    0.42914716E+00
   0.77885    0.42946258E+00
   0.78658    0.43220505E+00
   0.79430    0.43249556E+00
   0.80203    0.43501039E+00
   0.80975    0.43536847E+00
   0.81747    0.43789848E+00
   0.82519    0.43792558E+00
   0.83290    0.44050596E+00
   0.84062    0.44063214E+00
   0.84833    0.44289964E+00
   0.85605    0.44323544E+00
   0.86375    0.44575149E+00
   0.87146    0.44555784E+00
   0.87917    0.44893965E+00
   0.88687    0.44789228E+00
   0.89458    0.45192686E+00
   0.90228    0.45076325E+00
   0.90998    0.45451760E+00
   0.91768    0.45359221E+00
   0.92538    0.45726984E+00
   0.93307    0.46117750E+00
   0.93787    0.46155035E+00
   0.94246    0.45758491E+00
   0.94682    0.46226497E+00
   0.95096    0.45785970E+00
   0.95487    0.46315189E+00
   0.95855    0.45773441E+00
   0.96199    0.46350656E+00
   0.96520    0.45717926E+00
   0.96817    0.46354801E+00
   0.97089    0.45615321E+00
   0.97336    0.46326568E+00
   0.97559    0.45472051E+00
   0.97756    0.46299172E+00
   0.97926    0.45322738E+00
   0.98071    0.46323970E+00
   0.98190    0.45225837E+00
   0.98281    0.45993967E+00
   0.98346    0.44218383E+00
   0.98382    0.39942366E+00
   0.98390    0.28485575E+00
