   0.00000     0.75001625E+00    -0.31257795E+03    -0.91237050E+01    -0.29060670E+03     0.00000000E+00
   0.00360    -0.28283873E-01    -0.34564434E+03     0.13121594E+02    -0.68135113E+02     0.00000000E+00
   0.00719    -0.39515113E+00    -0.25769590E+03     0.19194385E+02     0.10615554E+03     0.00000000E+00
   0.01079    -0.43401145E+00    -0.17969553E+03     0.13310441E+02     0.12522741E+03     0.00000000E+00
   0.01439    -0.43794511E+00    -0.13564493E+03     0.73271776E+01     0.11297285E+03     0.00000000E+00
   0.01799    -0.40337973E+00    -0.10592125E+03     0.49531329E+01     0.95328836E+02     0.00000000E+00
   0.02158    -0.37245537E+00    -0.86090798E+02     0.34958765E+01     0.80794389E+02     0.00000000E+00
   0.02518    -0.33999020E+00    -0.71679363E+02     0.28513816E+01     0.68932804E+02     0.00000000E+00
   0.02878    -0.31072389E+00    -0.60558128E+02     0.22427448E+01     0.59169232E+02     0.00000000E+00
   0.03237    -0.28172641E+00    -0.51875614E+02     0.18095183E+01     0.51170333E+02     0.00000000E+00
   0.03597    -0.25610114E+00    -0.45039423E+02     0.15304860E+01     0.44706230E+02     0.00000000E+00
   0.03957    -0.23136188E+00    -0.39304889E+02     0.13323325E+01     0.39179352E+02     0.00000000E+00
   0.04317    -0.20878816E+00    -0.34401246E+02     0.11393679E+01     0.34370805E+02     0.00000000E+00
   0.04676    -0.18737630E+00    -0.30296470E+02     0.98134231E+00     0.30302923E+02     0.00000000E+00
   0.05036    -0.16753738E+00    -0.26768020E+02     0.86851204E+00     0.26782065E+02     0.00000000E+00
   0.05396    -0.14892484E+00    -0.23684407E+02     0.78166385E+00     0.23689517E+02     0.00000000E+00
   0.05755    -0.13137703E+00    -0.20967142E+02     0.70353660E+00     0.20954401E+02     0.00000000E+00
   0.06115    -0.11494770E+00    -0.18540495E+02     0.62497436E+00     0.18508290E+02     0.00000000E+00
   0.06475    -0.99356025E-01    -0.16419524E+02     0.55438583E+00     0.16369444E+02     0.00000000E+00
   0.06835    -0.84779843E-01    -0.14542975E+02     0.51106533E+00     0.14475777E+02     0.00000000E+00
   0.07194    -0.70909605E-01    -0.12821002E+02     0.46948971E+00     0.12738197E+02     0.00000000E+00
   0.07554    -0.57818055E-01    -0.11257572E+02     0.41802214E+00     0.11164832E+02     0.00000000E+00
   0.07914    -0.45381647E-01    -0.98693683E+01     0.37619681E+00     0.97709700E+01     0.00000000E+00
   0.08273    -0.33674220E-01    -0.86079755E+01     0.34615640E+00     0.85060539E+01     0.00000000E+00
   0.08633    -0.22519788E-01    -0.74517466E+01     0.31395449E+00     0.73512529E+01     0.00000000E+00
   0.08993    -0.11967914E-01    -0.64161766E+01     0.29174158E+00     0.63189967E+01     0.00000000E+00
   0.09353    -0.18668679E-02    -0.54468714E+01     0.26813782E+00     0.53566189E+01     0.00000000E+00
   0.09712     0.76866778E-02    -0.45805587E+01     0.24338771E+00     0.45002482E+01     0.00000000E+00
   0.10072     0.16803841E-01    -0.37849251E+01     0.22484636E+00     0.37161763E+01     0.00000000E+00
   0.10432     0.25456661E-01    -0.30590420E+01     0.20903684E+00     0.30029826E+01     0.00000000E+00
   0.10791     0.33691582E-01    -0.23834840E+01     0.18998953E+00     0.23424042E+01     0.00000000E+00
   0.11151     0.41540025E-01    -0.17755066E+01     0.16950079E+00     0.17501531E+01     0.00000000E+00
   0.11511     0.49022351E-01    -0.12185215E+01     0.15361266E+00     0.12099545E+01     0.00000000E+00
   0.11871     0.56159045E-01    -0.71107386E+00     0.13909030E+00     0.71989548E+00     0.00000000E+00
   0.12230     0.63011746E-01    -0.24322648E+00     0.13037893E+00     0.27178831E+00     0.00000000E+00
   0.12590     0.69515299E-01     0.18771383E+00     0.11894636E+00    -0.13963580E+00     0.00000000E+00
   0.12950     0.75712851E-01     0.57716798E+00     0.10552164E+00    -0.51138187E+00     0.00000000E+00
   0.13309     0.81623894E-01     0.93471571E+00     0.95118086E-01    -0.84986153E+00     0.00000000E+00
   0.13669     0.87281474E-01     0.12608733E+01     0.85932089E-01    -0.11554428E+01     0.00000000E+00
   0.14029     0.92712851E-01     0.15569354E+01     0.77770893E-01    -0.14318593E+01     0.00000000E+00
   0.14388     0.97883709E-01     0.18262233E+01     0.71000450E-01    -0.16830315E+01     0.00000000E+00
   0.14748     0.10285701E+00     0.20741696E+01     0.63220446E-01    -0.19127065E+01     0.00000000E+00
   0.15108     0.10758855E+00     0.22985363E+01     0.55565736E-01    -0.21181725E+01     0.00000000E+00
   0.15468     0.11212717E+00     0.25018773E+01     0.48377167E-01    -0.23039375E+01     0.00000000E+00
   0.15827     0.11646615E+00     0.26868161E+01     0.41879629E-01    -0.24714533E+01     0.00000000E+00
   0.16187     0.12062749E+00     0.28535122E+01     0.35582574E-01    -0.26211532E+01     0.00000000E+00
   0.16547     0.12463666E+00     0.30031257E+01     0.30523236E-01    -0.27553051E+01     0.00000000E+00
   0.16906     0.12847793E+00     0.31401784E+01     0.24849321E-01    -0.28759749E+01     0.00000000E+00
   0.17266     0.13218068E+00     0.32578656E+01     0.20916967E-01    -0.29791278E+01     0.00000000E+00
   0.17626     0.13570404E+00     0.33669937E+01     0.18115117E-01    -0.30752003E+01     0.00000000E+00
   0.17986     0.13909028E+00     0.34650190E+01     0.14761003E-01    -0.31592232E+01     0.00000000E+00
   0.18345     0.14229319E+00     0.35533309E+01     0.10064281E-01    -0.32326614E+01     0.00000000E+00
   0.18705     0.14542297E+00     0.36261685E+01     0.62364282E-02    -0.32911547E+01     0.00000000E+00
   0.19065     0.14831367E+00     0.36900742E+01     0.43606389E-02    -0.33441705E+01     0.00000000E+00
   0.19424     0.15125037E+00     0.37474132E+01     0.29995809E-02    -0.33907893E+01     0.00000000E+00
   0.19784     0.15392103E+00     0.37983981E+01     0.11877725E-02    -0.34316409E+01     0.00000000E+00
   0.20144     0.15668834E+00     0.38432805E+01    -0.14048590E-02    -0.34650550E+01     0.00000000E+00
   0.20504     0.15918149E+00     0.38779117E+01    -0.43790618E-02    -0.34891635E+01     0.00000000E+00
   0.20863     0.16170916E+00     0.39069627E+01    -0.53732489E-02    -0.35093263E+01     0.00000000E+00
   0.21223     0.16399794E+00     0.39312634E+01    -0.53825203E-02    -0.35268248E+01     0.00000000E+00
   0.21583     0.16629250E+00     0.39577523E+01    -0.84515993E-02    -0.35431863E+01     0.00000000E+00
   0.21942     0.16841160E+00     0.39679148E+01    -0.11151915E-01    -0.35445082E+01     0.00000000E+00
   0.22302     0.17054441E+00     0.39783433E+01    -0.97864957E-02    -0.35509613E+01     0.00000000E+00
   0.22662     0.17246913E+00     0.39919553E+01    -0.10493211E-01    -0.35568057E+01     0.00000000E+00
   0.23022     0.17451039E+00     0.39956455E+01    -0.11935447E-01    -0.35539508E+01     0.00000000E+00
   0.23381     0.17625475E+00     0.40028563E+01    -0.14252871E-01    -0.35522789E+01     0.00000000E+00
   0.23741     0.17817141E+00     0.39950762E+01    -0.15422424E-01    -0.35390346E+01     0.00000000E+00
   0.24101     0.17975886E+00     0.39954686E+01    -0.13022695E-01    -0.35359475E+01     0.00000000E+00
   0.24460     0.18153754E+00     0.39929967E+01    -0.12559874E-01    -0.35289111E+01     0.00000000E+00
   0.24820     0.18304058E+00     0.39938395E+01    -0.15305875E-01    -0.35216190E+01     0.00000000E+00
   0.25180     0.18473948E+00     0.39801007E+01    -0.16133814E-01    -0.35028995E+01     0.00000000E+00
   0.25540     0.18609974E+00     0.39753100E+01    -0.14310625E-01    -0.34954701E+01     0.00000000E+00
   0.25899     0.18774075E+00     0.39664841E+01    -0.13144893E-01    -0.34824567E+01     0.00000000E+00
   0.26259     0.18894803E+00     0.39625932E+01    -0.12892620E-01    -0.34741994E+01     0.00000000E+00
   0.26619     0.19053319E+00     0.39535508E+01    -0.14843413E-01    -0.34577469E+01     0.00000000E+00
   0.26978     0.19159967E+00     0.39388860E+01    -0.15160735E-01    -0.34403507E+01     0.00000000E+00
   0.27338     0.19309935E+00     0.39295221E+01    -0.12532915E-01    -0.34285202E+01     0.00000000E+00
   0.27698     0.19403722E+00     0.39216483E+01    -0.12212792E-01    -0.34167360E+01     0.00000000E+00
   0.28058     0.19550708E+00     0.39122946E+01    -0.13580274E-01    -0.34021069E+01     0.00000000E+00
   0.28417     0.19633796E+00     0.38995298E+01    -0.12790673E-01    -0.33858462E+01     0.00000000E+00
   0.28777     0.19776692E+00     0.38912554E+01    -0.11351312E-01    -0.33755572E+01     0.00000000E+00
   0.29137     0.19856325E+00     0.38841640E+01    -0.11762234E-01    -0.33624104E+01     0.00000000E+00
   0.29496     0.19989943E+00     0.38715739E+01    -0.10322049E-01    -0.33483991E+01     0.00000000E+00
   0.29856     0.20069887E+00     0.38692768E+01    -0.11505640E-01    -0.33397689E+01     0.00000000E+00
   0.30216     0.20196988E+00     0.38517364E+01    -0.11244015E-01    -0.33196892E+01     0.00000000E+00
   0.30576     0.20273763E+00     0.38488315E+01    -0.87310113E-02    -0.33159091E+01     0.00000000E+00
   0.30935     0.20393109E+00     0.38415913E+01    -0.91453413E-02    -0.33026212E+01     0.00000000E+00
   0.31295     0.20472686E+00     0.38301095E+01    -0.12955799E-01    -0.32874384E+01     0.00000000E+00
   0.31655     0.20583751E+00     0.38153396E+01    -0.10560369E-01    -0.32711204E+01     0.00000000E+00
   0.32014     0.20652237E+00     0.38066004E+01    -0.11344754E-01    -0.32616177E+01     0.00000000E+00
   0.32374     0.20777790E+00     0.37916341E+01    -0.89297342E-02    -0.32451423E+01     0.00000000E+00
   0.32734     0.20819558E+00     0.37855981E+01    -0.11168186E-01    -0.32362921E+01     0.00000000E+00
   0.33094     0.20957095E+00     0.37635103E+01    -0.14049257E-01    -0.32092550E+01     0.00000000E+00
   0.33453     0.20994599E+00     0.37401170E+01    -0.14773798E-01    -0.31873171E+01     0.00000000E+00
   0.33813     0.21115063E+00     0.37212791E+01    -0.11918462E-01    -0.31697988E+01     0.00000000E+00
   0.34173     0.21164796E+00     0.37025790E+01    -0.15065158E-01    -0.31483496E+01     0.00000000E+00
   0.34532     0.21286700E+00     0.36722156E+01    -0.17392224E-01    -0.31166487E+01     0.00000000E+00
   0.34892     0.21321216E+00     0.36449764E+01    -0.15239762E-01    -0.30924533E+01     0.00000000E+00
   0.35252     0.21457358E+00     0.36210280E+01    -0.14843609E-01    -0.30696063E+01     0.00000000E+00
   0.35612     0.21473129E+00     0.35979752E+01    -0.14957013E-01    -0.30430792E+01     0.00000000E+00
   0.35971     0.21610252E+00     0.35675717E+01    -0.14454513E-01    -0.30148087E+01     0.00000000E+00
   0.36331     0.21624778E+00     0.35516470E+01    -0.12258807E-01    -0.29955026E+01     0.00000000E+00
   0.36691     0.21750520E+00     0.35277536E+01    -0.12123729E-01    -0.29706313E+01     0.00000000E+00
   0.37050     0.21768423E+00     0.35177283E+01    -0.76680923E-02    -0.29574434E+01     0.00000000E+00
   0.37410     0.21894924E+00     0.35089256E+01    -0.70316634E-02    -0.29450093E+01     0.00000000E+00
   0.37770     0.21896279E+00     0.35103320E+01    -0.42045912E-02    -0.29375544E+01     0.00000000E+00
   0.38129     0.22025298E+00     0.35076576E+01    -0.25745256E-02    -0.29320507E+01     0.00000000E+00
   0.38489     0.22031607E+00     0.35263468E+01     0.17101665E-02    -0.29429172E+01     0.00000000E+00
   0.38849     0.22144982E+00     0.35433355E+01     0.26471276E-02    -0.29517616E+01     0.00000000E+00
   0.39209     0.22161772E+00     0.35702150E+01     0.62479062E-02    -0.29694428E+01     0.00000000E+00
   0.39568     0.22287575E+00     0.35990454E+01     0.37079239E-02    -0.29874532E+01     0.00000000E+00
   0.39928     0.22277892E+00     0.36283183E+01     0.72797906E-02    -0.30050811E+01     0.00000000E+00
   0.40288     0.22446982E+00     0.36498118E+01     0.11041428E-02    -0.30238424E+01     0.00000000E+00
   0.40647     0.22394614E+00     0.36778927E+01     0.55822345E-02    -0.30395178E+01     0.00000000E+00
   0.41007     0.22596343E+00     0.36718410E+01    -0.11605730E-01    -0.30365641E+01     0.00000000E+00
   0.41367     0.22538163E+00     0.36463160E+01    -0.54971103E-02    -0.30069850E+01     0.00000000E+00
   0.41727     0.22725880E+00     0.35834052E+01    -0.38878216E-01    -0.29740834E+01     0.00000000E+00
   0.42086     0.22679611E+00     0.34799824E+01     0.17063910E-01    -0.28522756E+01     0.00000000E+00
   0.42446     0.22863492E+00     0.33782796E+01    -0.39723165E-01    -0.27916147E+01     0.00000000E+00
   0.42806     0.23058875E+00     0.30633442E+01    -0.27330321E+00    -0.26661435E+01     0.00000000E+00
   0.43165     0.23077517E+00     0.27616559E+01    -0.58993579E-01    -0.23033416E+01     0.00000000E+00
   0.43525     0.22879245E+00     0.25234218E+01    -0.21041121E-01    -0.20920846E+01     0.00000000E+00
   0.43885     0.23113248E+00     0.22064145E+01    -0.10768048E+00    -0.18827940E+01     0.00000000E+00
   0.44245     0.22892985E+00     0.18234362E+01    -0.12488477E+00    -0.15764315E+01     0.00000000E+00
   0.44604     0.23157594E+00     0.13641921E+01    -0.15777289E+00    -0.12156244E+01     0.00000000E+00
   0.44964     0.22886721E+00     0.82310079E+00    -0.18371528E+00    -0.78251318E+00     0.00000000E+00
   0.45324     0.23175328E+00     0.19487471E+00    -0.20988848E+00    -0.27967706E+00     0.00000000E+00
   0.45683     0.22858963E+00    -0.55420595E+00    -0.24877228E+00     0.31052377E+00     0.00000000E+00
   0.46043     0.23177401E+00    -0.14075927E+01    -0.27970502E+00     0.98201756E+00     0.00000000E+00
   0.46403     0.22807661E+00    -0.24548898E+01    -0.34650589E+00     0.17825760E+01     0.00000000E+00
   0.46763     0.23163284E+00    -0.36645734E+01    -0.39451777E+00     0.27015966E+01     0.00000000E+00
   0.47122     0.22736025E+00    -0.52438442E+01    -0.52926306E+00     0.38124138E+01     0.00000000E+00
   0.47482     0.23149586E+00    -0.71246140E+01    -0.61232290E+00     0.50866618E+01     0.00000000E+00
   0.47842     0.22661369E+00    -0.97446847E+01    -0.91447559E+00     0.66103068E+01     0.00000000E+00
   0.48201     0.23161985E+00    -0.13117245E+02    -0.11210514E+01     0.83341800E+01     0.00000000E+00
   0.48561     0.22612918E+00    -0.18275196E+02    -0.19883219E+01     0.98429329E+01     0.00000000E+00
   0.48921     0.22996984E+00    -0.25164711E+02    -0.29176069E+01     0.10180025E+02     0.00000000E+00
   0.49281     0.22109192E+00    -0.37304799E+02    -0.46395750E+01     0.40517945E+01     0.00000000E+00
   0.49640     0.19971183E+00    -0.44688947E+02     0.20931925E+01    -0.17582096E+02     0.00000000E+00
   0.50000     0.14242788E+00    -0.15317908E+02     0.18170049E+02    -0.20608648E+02     0.00000000E+00
   0.50360     0.16870264E+00     0.29389684E+02     0.11059397E+02    -0.17920577E+02     0.00000000E+00
   0.50719     0.18233535E+00     0.42427113E+02     0.51228826E+00    -0.34313153E+02     0.00000000E+00
   0.51079     0.20240357E+00     0.40808111E+02    -0.24442616E+00    -0.38338921E+02     0.00000000E+00
   0.51439     0.19802706E+00     0.37746207E+02    -0.65110443E+00    -0.36870384E+02     0.00000000E+00
   0.51799     0.20430614E+00     0.35985597E+02    -0.35062558E+00    -0.35763192E+02     0.00000000E+00
   0.52158     0.20232706E+00     0.34239501E+02    -0.32930149E+00    -0.34202903E+02     0.00000000E+00
   0.52518     0.20529653E+00     0.33300690E+02    -0.16405733E+00    -0.33301090E+02     0.00000000E+00
   0.52878     0.20483185E+00     0.32466288E+02    -0.17520484E+00    -0.32450988E+02     0.00000000E+00
   0.53237     0.20711300E+00     0.31837067E+02    -0.99766503E-01    -0.31790567E+02     0.00000000E+00
   0.53597     0.20733786E+00     0.31293495E+02    -0.11830763E+00    -0.31225279E+02     0.00000000E+00
   0.53957     0.20944984E+00     0.30890149E+02    -0.38113772E-01    -0.30801305E+02     0.00000000E+00
   0.54317     0.21028574E+00     0.30559946E+02    -0.86561403E-01    -0.30454946E+02     0.00000000E+00
   0.54676     0.21243975E+00     0.30145795E+02    -0.81216532E-01    -0.30023394E+02     0.00000000E+00
   0.55036     0.21362179E+00     0.29778675E+02    -0.88014794E-01    -0.29648986E+02     0.00000000E+00
   0.55396     0.21567484E+00     0.29392405E+02    -0.95166331E-01    -0.29257595E+02     0.00000000E+00
   0.55755     0.21707062E+00     0.29028217E+02    -0.64505483E-01    -0.28891953E+02     0.00000000E+00
   0.56115     0.21894434E+00     0.28700457E+02    -0.88964309E-01    -0.28568821E+02     0.00000000E+00
   0.56475     0.22084522E+00     0.28312160E+02     0.40633829E-01    -0.28176850E+02     0.00000000E+00
   0.56835     0.22221991E+00     0.28072096E+02    -0.81859619E-01    -0.27960826E+02     0.00000000E+00
   0.57194     0.22462375E+00     0.28501096E+02    -0.18858187E+00    -0.28409019E+02     0.00000000E+00
   0.57554     0.22639432E+00     0.28057647E+02     0.21424985E+00    -0.27930094E+02     0.00000000E+00
   0.57914     0.22793163E+00     0.27695545E+02    -0.30531048E-03    -0.27575954E+02     0.00000000E+00
   0.58273     0.23027848E+00     0.27539179E+02    -0.11505988E+00    -0.27424828E+02     0.00000000E+00
   0.58633     0.23271298E+00     0.27347997E+02     0.13829374E-02    -0.27223422E+02     0.00000000E+00
   0.58993     0.23484110E+00     0.27291524E+02    -0.37121401E-01    -0.27164486E+02     0.00000000E+00
   0.59353     0.23711166E+00     0.27186948E+02    -0.16385499E-01    -0.27048446E+02     0.00000000E+00
   0.59712     0.23920354E+00     0.27101539E+02    -0.30993737E-01    -0.26958188E+02     0.00000000E+00
   0.60072     0.24128501E+00     0.27019915E+02    -0.98266697E-02    -0.26871343E+02     0.00000000E+00
   0.60432     0.24322552E+00     0.27003358E+02    -0.13979214E-01    -0.26848706E+02     0.00000000E+00
   0.60791     0.24532079E+00     0.26952913E+02    -0.19646709E-01    -0.26788344E+02     0.00000000E+00
   0.61151     0.24718719E+00     0.26897348E+02    -0.14051138E-01    -0.26728373E+02     0.00000000E+00
   0.61511     0.24910514E+00     0.26891822E+02    -0.12372772E-01    -0.26715191E+02     0.00000000E+00
   0.61871     0.25094025E+00     0.26842314E+02    -0.35929405E-02    -0.26661184E+02     0.00000000E+00
   0.62230     0.25267060E+00     0.26881517E+02     0.59873061E-02    -0.26695129E+02     0.00000000E+00
   0.62590     0.25452317E+00     0.26891849E+02    -0.43558147E-02    -0.26694760E+02     0.00000000E+00
   0.62950     0.25626715E+00     0.26891676E+02    -0.43493952E-02    -0.26686488E+02     0.00000000E+00
   0.63309     0.25799407E+00     0.26897415E+02     0.63452844E-02    -0.26686736E+02     0.00000000E+00
   0.63669     0.25965468E+00     0.26946822E+02     0.46809768E-02    -0.26727573E+02     0.00000000E+00
   0.64029     0.26142052E+00     0.26955396E+02     0.52823992E-02    -0.26727447E+02     0.00000000E+00
   0.64388     0.26299621E+00     0.27001346E+02     0.13373053E-01    -0.26767601E+02     0.00000000E+00
   0.64748     0.26471324E+00     0.27056054E+02     0.18220499E-02    -0.26810040E+02     0.00000000E+00
   0.65108     0.26633316E+00     0.27055742E+02     0.10753622E-01    -0.26804001E+02     0.00000000E+00
   0.65468     0.26782349E+00     0.27140161E+02     0.32626588E-01    -0.26884672E+02     0.00000000E+00
   0.65827     0.26943398E+00     0.27236926E+02     0.20801424E-01    -0.26968178E+02     0.00000000E+00
   0.66187     0.27104916E+00     0.27284632E+02     0.74296420E-02    -0.27002958E+02     0.00000000E+00
   0.66547     0.27257674E+00     0.27325632E+02     0.31410450E-01    -0.27040105E+02     0.00000000E+00
   0.66906     0.27401332E+00     0.27458912E+02     0.43450036E-01    -0.27165363E+02     0.00000000E+00
   0.67266     0.27566020E+00     0.27559168E+02     0.20816677E-01    -0.27247721E+02     0.00000000E+00
   0.67626     0.27718859E+00     0.27607005E+02     0.17876336E-01    -0.27285137E+02     0.00000000E+00
   0.67986     0.27868502E+00     0.27697300E+02     0.29365061E-01    -0.27367394E+02     0.00000000E+00
   0.68345     0.28016053E+00     0.27788786E+02     0.40913971E-01    -0.27450709E+02     0.00000000E+00
   0.68705     0.28159657E+00     0.27923228E+02     0.54115594E-01    -0.27576095E+02     0.00000000E+00
   0.69065     0.28309309E+00     0.28066531E+02     0.42452165E-01    -0.27702929E+02     0.00000000E+00
   0.69424     0.28465042E+00     0.28164793E+02     0.30102820E-01    -0.27784964E+02     0.00000000E+00
   0.69784     0.28608703E+00     0.28261389E+02     0.55796377E-01    -0.27876096E+02     0.00000000E+00
   0.70144     0.28748940E+00     0.28453670E+02     0.58410761E-01    -0.28053689E+02     0.00000000E+00
   0.70504     0.28912502E+00     0.28565207E+02     0.48897097E-01    -0.28147355E+02     0.00000000E+00
   0.70863     0.29047142E+00     0.28718849E+02     0.60659395E-01    -0.28290705E+02     0.00000000E+00
   0.71223     0.29207670E+00     0.28883128E+02     0.53283532E-01    -0.28435192E+02     0.00000000E+00
   0.71583     0.29351213E+00     0.29006290E+02     0.66697171E-01    -0.28547801E+02     0.00000000E+00
   0.71942     0.29497510E+00     0.29224539E+02     0.73458686E-01    -0.28748558E+02     0.00000000E+00
   0.72302     0.29658807E+00     0.29369256E+02     0.62989854E-01    -0.28873021E+02     0.00000000E+00
   0.72662     0.29803171E+00     0.29555960E+02     0.65538219E-01    -0.29042651E+02     0.00000000E+00
   0.73022     0.29964272E+00     0.29715863E+02     0.86681490E-01    -0.29189071E+02     0.00000000E+00
   0.73381     0.30102515E+00     0.29972336E+02     0.94143998E-01    -0.29425697E+02     0.00000000E+00
   0.73741     0.30282720E+00     0.30159011E+02     0.74774745E-01    -0.29583937E+02     0.00000000E+00
   0.74101     0.30427256E+00     0.30347940E+02     0.76444346E-01    -0.29754278E+02     0.00000000E+00
   0.74460     0.30600431E+00     0.30556607E+02     0.86633290E-01    -0.29941918E+02     0.00000000E+00
   0.74820     0.30748584E+00     0.30778520E+02     0.10911409E+00    -0.30147383E+02     0.00000000E+00
   0.75180     0.30918274E+00     0.31066725E+02     0.10887752E+00    -0.30406373E+02     0.00000000E+00
   0.75540     0.31090539E+00     0.31281426E+02     0.88763023E-01    -0.30588523E+02     0.00000000E+00
   0.75899     0.31262057E+00     0.31510061E+02     0.97168091E-01    -0.30793973E+02     0.00000000E+00
   0.76259     0.31428668E+00     0.31767143E+02     0.12729504E+00    -0.31030643E+02     0.00000000E+00
   0.76619     0.31602022E+00     0.32094493E+02     0.13065686E+00    -0.31324090E+02     0.00000000E+00
   0.76978     0.31793377E+00     0.32354874E+02     0.11748922E+00    -0.31545858E+02     0.00000000E+00
   0.77338     0.31973105E+00     0.32638806E+02     0.11420375E+00    -0.31796331E+02     0.00000000E+00
   0.77698     0.32171707E+00     0.32903005E+02     0.11804715E+00    -0.32025646E+02     0.00000000E+00
   0.78058     0.32352658E+00     0.33205152E+02     0.14945748E+00    -0.32303332E+02     0.00000000E+00
   0.78417     0.32551370E+00     0.33586213E+02     0.14362169E+00    -0.32636052E+02     0.00000000E+00
   0.78777     0.32770603E+00     0.33852604E+02     0.13182544E+00    -0.32857704E+02     0.00000000E+00
   0.79137     0.32964604E+00     0.34207499E+02     0.15297448E+00    -0.33176811E+02     0.00000000E+00
   0.79496     0.33194757E+00     0.34559194E+02     0.16612338E+00    -0.33483377E+02     0.00000000E+00
   0.79856     0.33403429E+00     0.34948910E+02     0.16193546E+00    -0.33818882E+02     0.00000000E+00
   0.80216     0.33655850E+00     0.35285983E+02     0.15655914E+00    -0.34101974E+02     0.00000000E+00
   0.80576     0.33872418E+00     0.35670087E+02     0.16563433E+00    -0.34436772E+02     0.00000000E+00
   0.80935     0.34135997E+00     0.36056659E+02     0.18486154E+00    -0.34770020E+02     0.00000000E+00
   0.81295     0.34363914E+00     0.36505180E+02     0.20704880E+00    -0.35160860E+02     0.00000000E+00
   0.81655     0.34652568E+00     0.36959420E+02     0.19970725E+00    -0.35538325E+02     0.00000000E+00
   0.82014     0.34913608E+00     0.37368718E+02     0.18211988E+00    -0.35872576E+02     0.00000000E+00
   0.82374     0.35218642E+00     0.37789290E+02     0.18634022E+00    -0.36222374E+02     0.00000000E+00
   0.82734     0.35490252E+00     0.38235457E+02     0.21001770E+00    -0.36602856E+02     0.00000000E+00
   0.83094     0.35809492E+00     0.38753710E+02     0.22604720E+00    -0.37038736E+02     0.00000000E+00
   0.83453     0.36113050E+00     0.39241715E+02     0.22370830E+00    -0.37433830E+02     0.00000000E+00
   0.83813     0.36456575E+00     0.39759106E+02     0.24150813E+00    -0.37862841E+02     0.00000000E+00
   0.84173     0.36779033E+00     0.40318248E+02     0.24764489E+00    -0.38316853E+02     0.00000000E+00
   0.84532     0.37164755E+00     0.40853491E+02     0.25440636E+00    -0.38744248E+02     0.00000000E+00
   0.84892     0.37508191E+00     0.41445389E+02     0.26350829E+00    -0.39220947E+02     0.00000000E+00
   0.85252     0.37935938E+00     0.42018919E+02     0.25364786E+00    -0.39665096E+02     0.00000000E+00
   0.85612     0.38312181E+00     0.42592888E+02     0.26045065E+00    -0.40117174E+02     0.00000000E+00
   0.85971     0.38762181E+00     0.43238660E+02     0.30547452E+00    -0.40638495E+02     0.00000000E+00
   0.86331     0.39167009E+00     0.43967785E+02     0.32067525E+00    -0.41206526E+02     0.00000000E+00
   0.86691     0.39689684E+00     0.44627936E+02     0.28783052E+00    -0.41680668E+02     0.00000000E+00
   0.87050     0.40142929E+00     0.45253135E+02     0.28700369E+00    -0.42143826E+02     0.00000000E+00
   0.87410     0.40689511E+00     0.45995025E+02     0.35583352E+00    -0.42727148E+02     0.00000000E+00
   0.87770     0.41176546E+00     0.46859174E+02     0.37468967E+00    -0.43371919E+02     0.00000000E+00
   0.88129     0.41826691E+00     0.47605111E+02     0.34373526E+00    -0.43870941E+02     0.00000000E+00
   0.88489     0.42367350E+00     0.48364624E+02     0.33884158E+00    -0.44408980E+02     0.00000000E+00
   0.88849     0.43066923E+00     0.49189655E+02     0.35976544E+00    -0.44988415E+02     0.00000000E+00
   0.89209     0.43662207E+00     0.50057363E+02     0.40670761E+00    -0.45612618E+02     0.00000000E+00
   0.89568     0.44423593E+00     0.51099793E+02     0.44136454E+00    -0.46339062E+02     0.00000000E+00
   0.89928     0.45132201E+00     0.52025732E+02     0.42502769E+00    -0.46911729E+02     0.00000000E+00
   0.90288     0.45992555E+00     0.53006812E+02     0.43459088E+00    -0.47535414E+02     0.00000000E+00
   0.90647     0.46772756E+00     0.54030249E+02     0.48107904E+00    -0.48195455E+02     0.00000000E+00
   0.91007     0.47734244E+00     0.55218706E+02     0.49953134E+00    -0.48937183E+02     0.00000000E+00
   0.91367     0.48645356E+00     0.56282474E+02     0.49849956E+00    -0.49523231E+02     0.00000000E+00
   0.91727     0.49718884E+00     0.57518330E+02     0.53021691E+00    -0.50256909E+02     0.00000000E+00
   0.92086     0.50763806E+00     0.58761163E+02     0.54064457E+00    -0.50911522E+02     0.00000000E+00
   0.92446     0.52002260E+00     0.60038649E+02     0.58401334E+00    -0.51588356E+02     0.00000000E+00
   0.92806     0.53164219E+00     0.61538707E+02     0.64833045E+00    -0.52381446E+02     0.00000000E+00
   0.93165     0.54641662E+00     0.63030912E+02     0.65199119E+00    -0.53035134E+02     0.00000000E+00
   0.93525     0.56005909E+00     0.64488743E+02     0.64747845E+00    -0.53612940E+02     0.00000000E+00
   0.93885     0.57700742E+00     0.66092698E+02     0.71368861E+00    -0.54276317E+02     0.00000000E+00
   0.94245     0.59279732E+00     0.67938633E+02     0.78674834E+00    -0.54988064E+02     0.00000000E+00
   0.94604     0.61325525E+00     0.69796010E+02     0.82175469E+00    -0.55513212E+02     0.00000000E+00
   0.94964     0.63226865E+00     0.71730954E+02     0.85957534E+00    -0.55963561E+02     0.00000000E+00
   0.95324     0.65682108E+00     0.73790523E+02     0.90546725E+00    -0.56300715E+02     0.00000000E+00
   0.95683     0.68011060E+00     0.75941390E+02     0.99455557E+00    -0.56510806E+02     0.00000000E+00
   0.96043     0.70999215E+00     0.78429315E+02     0.11049887E+01    -0.56574937E+02     0.00000000E+00
   0.96403     0.74001852E+00     0.80784334E+02     0.11239940E+01    -0.56031874E+02     0.00000000E+00
   0.96763     0.77842888E+00     0.83054001E+02     0.11875763E+01    -0.55053083E+02     0.00000000E+00
   0.97122     0.81625135E+00     0.85628620E+02     0.13391734E+01    -0.53605134E+02     0.00000000E+00
   0.97482     0.86814446E+00     0.87906272E+02     0.14554058E+01    -0.50753125E+02     0.00000000E+00
   0.97842     0.92047915E+00     0.89365286E+02     0.15198236E+01    -0.46061012E+02     0.00000000E+00
   0.98201     0.99337510E+00     0.89310455E+02     0.15628604E+01    -0.38741400E+02     0.00000000E+00
   0.98561     0.10705045E+01     0.84974904E+02     0.13185581E+01    -0.26925438E+02     0.00000000E+00
   0.98921     0.11792088E+01     0.69190877E+02    -0.83224801E-01    -0.10025223E+02     0.00000000E+00
   0.99281     0.12672891E+01     0.20973552E+02    -0.69057003E+01    -0.25913789E+01     0.00000000E+00
   0.99640     0.12748645E+01    -0.12261301E+03    -0.18414417E+02    -0.10483425E+03     0.00000000E+00
   1.00000     0.75001625E+00    -0.31257795E+03    -0.91237050E+01    -0.29060670E+03     0.00000000E+00
