   0.00000    0.15000325E+01
   0.00130    0.25497291E+01
   0.00689    0.25345782E+01
   0.01384    0.23584175E+01
   0.02099    0.21410091E+01
   0.02828    0.19867502E+01
   0.03565    0.18409583E+01
   0.04308    0.17362889E+01
   0.05056    0.16325027E+01
   0.05808    0.15568578E+01
   0.06563    0.14800370E+01
   0.07322    0.14199843E+01
   0.08082    0.13602212E+01
   0.08845    0.13136422E+01
   0.09610    0.12645373E+01
   0.10377    0.12265105E+01
   0.11145    0.11855946E+01
   0.11915    0.11540148E+01
   0.12686    0.11201182E+01
   0.13459    0.10928332E+01
   0.14234    0.10632844E+01
   0.15009    0.10400452E+01
   0.15784    0.10152761E+01
   0.16561    0.99437768E+00
   0.17339    0.97290713E+00
   0.18118    0.95468487E+00
   0.18898    0.93545512E+00
   0.19678    0.91985111E+00
   0.20459    0.90264402E+00
   0.21241    0.88847187E+00
   0.22024    0.87324414E+00
   0.22808    0.86133845E+00
   0.23592    0.84734700E+00
   0.24376    0.83653383E+00
   0.25162    0.82353091E+00
   0.25948    0.81379023E+00
   0.26734    0.80285857E+00
   0.27521    0.79379368E+00
   0.28308    0.78334017E+00
   0.29097    0.77524361E+00
   0.29885    0.76624362E+00
   0.30674    0.75871877E+00
   0.31463    0.75016381E+00
   0.32253    0.74329511E+00
   0.33044    0.73558067E+00
   0.33834    0.72913150E+00
   0.34626    0.72226100E+00
   0.35417    0.71618984E+00
   0.36209    0.70980504E+00
   0.37001    0.70437284E+00
   0.37794    0.69827215E+00
   0.38587    0.69305135E+00
   0.39380    0.68727829E+00
   0.40174    0.68271994E+00
   0.40968    0.67744835E+00
   0.41762    0.67311700E+00
   0.42556    0.66806858E+00
   0.43351    0.66389514E+00
   0.44147    0.65929207E+00
   0.44942    0.65541205E+00
   0.45738    0.65102740E+00
   0.46534    0.64705315E+00
   0.47329    0.64343413E+00
   0.48125    0.63946210E+00
   0.48922    0.63586755E+00
   0.49719    0.63204045E+00
   0.50516    0.62857336E+00
   0.51314    0.62524113E+00
   0.52111    0.62181078E+00
   0.52909    0.61836548E+00
   0.53707    0.61497168E+00
   0.54506    0.61200862E+00
   0.55304    0.60854511E+00
   0.56103    0.60565439E+00
   0.56901    0.60205031E+00
   0.57701    0.59928544E+00
   0.58500    0.59606342E+00
   0.59299    0.59317614E+00
   0.60099    0.58995020E+00
   0.60899    0.58702426E+00
   0.61699    0.58415340E+00
   0.62499    0.58094285E+00
   0.63299    0.57825005E+00
   0.64099    0.57497880E+00
   0.64900    0.57217406E+00
   0.65701    0.56930084E+00
   0.66502    0.56618619E+00
   0.67303    0.56319313E+00
   0.68104    0.56032106E+00
   0.68906    0.55737004E+00
   0.69707    0.55437717E+00
   0.70509    0.55132039E+00
   0.71311    0.54802664E+00
   0.72113    0.54515349E+00
   0.72915    0.54209832E+00
   0.73718    0.53886795E+00
   0.74520    0.53564698E+00
   0.75323    0.53266633E+00
   0.76126    0.52942649E+00
   0.76928    0.52599242E+00
   0.77732    0.52284105E+00
   0.78535    0.51930937E+00
   0.79338    0.51598814E+00
   0.80142    0.51253430E+00
   0.80945    0.50904634E+00
   0.81749    0.50534119E+00
   0.82553    0.50188050E+00
   0.83357    0.49821029E+00
   0.84162    0.49437439E+00
   0.84966    0.49064158E+00
   0.85770    0.48645104E+00
   0.86574    0.48257002E+00
   0.87379    0.47840708E+00
   0.88184    0.47422332E+00
   0.88990    0.46968220E+00
   0.89795    0.46542597E+00
   0.90601    0.46055696E+00
   0.91406    0.45586327E+00
   0.92212    0.45278863E+00
   0.93018    0.44924751E+00
   0.93521    0.44443983E+00
   0.94000    0.44169044E+00
   0.94456    0.43788867E+00
   0.94889    0.43414124E+00
   0.95298    0.43134968E+00
   0.95682    0.42724357E+00
   0.96043    0.42487949E+00
   0.96378    0.42057148E+00
   0.96690    0.41889969E+00
   0.96976    0.41467571E+00
   0.97236    0.41422600E+00
   0.97471    0.40966370E+00
   0.97679    0.41059305E+00
   0.97861    0.40465412E+00
   0.98018    0.40861228E+00
   0.98147    0.39605411E+00
   0.98249    0.40480714E+00
   0.98324    0.36467070E+00
   0.98371    0.33740527E+00
   0.98390    0.28485575E+00
