   0.00000     0.17413325E+00    -0.22828837E+03    -0.61781297E+01    -0.21240785E+03     0.00000000E+00
   0.00360    -0.32148121E+00    -0.24901523E+03     0.95636796E+01    -0.49196080E+02     0.00000000E+00
   0.00719    -0.55138962E+00    -0.18501225E+03     0.13624836E+02     0.76350994E+02     0.00000000E+00
   0.01079    -0.58041611E+00    -0.12934314E+03     0.88702239E+01     0.90610504E+02     0.00000000E+00
   0.01439    -0.58030724E+00    -0.97950695E+02     0.52785454E+01     0.81585299E+02     0.00000000E+00
   0.01799    -0.56104848E+00    -0.76947678E+02     0.36718961E+01     0.69223582E+02     0.00000000E+00
   0.02158    -0.54174128E+00    -0.62833976E+02     0.25010602E+01     0.58983942E+02     0.00000000E+00
   0.02518    -0.52179895E+00    -0.52661117E+02     0.20222647E+01     0.50660589E+02     0.00000000E+00
   0.02878    -0.50349142E+00    -0.44741217E+02     0.16035535E+01     0.43724680E+02     0.00000000E+00
   0.03237    -0.48538579E+00    -0.38613908E+02     0.13095427E+01     0.38093916E+02     0.00000000E+00
   0.03597    -0.46961969E+00    -0.33718793E+02     0.10966243E+01     0.33473884E+02     0.00000000E+00
   0.03957    -0.45396607E+00    -0.29702102E+02     0.96103165E+00     0.29609658E+02     0.00000000E+00
   0.04317    -0.44035289E+00    -0.26178598E+02     0.82230447E+00     0.26156347E+02     0.00000000E+00
   0.04676    -0.42640210E+00    -0.23290563E+02     0.70735633E+00     0.23295174E+02     0.00000000E+00
   0.05036    -0.41466954E+00    -0.20773484E+02     0.63236906E+00     0.20782960E+02     0.00000000E+00
   0.05396    -0.40235990E+00    -0.18584437E+02     0.56796351E+00     0.18585788E+02     0.00000000E+00
   0.05755    -0.39200658E+00    -0.16654120E+02     0.51392946E+00     0.16640327E+02     0.00000000E+00
   0.06115    -0.38113285E+00    -0.14916192E+02     0.45632648E+00     0.14885569E+02     0.00000000E+00
   0.06475    -0.37183643E+00    -0.13408594E+02     0.40473577E+00     0.13362009E+02     0.00000000E+00
   0.06835    -0.36221494E+00    -0.12059918E+02     0.37599003E+00     0.11997640E+02     0.00000000E+00
   0.07194    -0.35392167E+00    -0.10827074E+02     0.34741536E+00     0.10749523E+02     0.00000000E+00
   0.07554    -0.34524895E+00    -0.96923373E+01     0.31230156E+00     0.96044014E+01     0.00000000E+00
   0.07914    -0.33770090E+00    -0.86923464E+01     0.28346697E+00     0.85969050E+01     0.00000000E+00
   0.08273    -0.32991474E+00    -0.77727575E+01     0.26450306E+00     0.76712066E+01     0.00000000E+00
   0.08633    -0.32306799E+00    -0.69291846E+01     0.24180372E+00     0.68251998E+01     0.00000000E+00
   0.08993    -0.31604017E+00    -0.61690696E+01     0.22687293E+00     0.60636419E+01     0.00000000E+00
   0.09353    -0.30985065E+00    -0.54518109E+01     0.20958361E+00     0.53476185E+01     0.00000000E+00
   0.09712    -0.30345848E+00    -0.48063813E+01     0.19070934E+00     0.47062414E+01     0.00000000E+00
   0.10072    -0.29784703E+00    -0.42129620E+01     0.17743640E+00     0.41177746E+01     0.00000000E+00
   0.10432    -0.29204676E+00    -0.36650519E+01     0.16720456E+00     0.35755545E+01     0.00000000E+00
   0.10791    -0.28694492E+00    -0.31499001E+01     0.15321306E+00     0.30684149E+01     0.00000000E+00
   0.11151    -0.28164520E+00    -0.26832636E+01     0.13837121E+00     0.26113688E+01     0.00000000E+00
   0.11511    -0.27698231E+00    -0.22545899E+01     0.12733116E+00     0.21926992E+01     0.00000000E+00
   0.11871    -0.27211883E+00    -0.18581851E+01     0.11788532E+00     0.18071215E+01     0.00000000E+00
   0.12230    -0.26783035E+00    -0.14921309E+01     0.11163762E+00     0.14522903E+01     0.00000000E+00
   0.12590    -0.26334439E+00    -0.11452929E+01     0.10350056E+00     0.11179655E+01     0.00000000E+00
   0.12950    -0.25939912E+00    -0.83142644E+00     0.93785842E-01     0.81667125E+00     0.00000000E+00
   0.13309    -0.25530001E+00    -0.54028024E+00     0.86849731E-01     0.53840657E+00     0.00000000E+00
   0.13669    -0.25167290E+00    -0.27205960E+00     0.81362946E-01     0.28348017E+00     0.00000000E+00
   0.14029    -0.24791268E+00    -0.20158859E-01     0.75788491E-01     0.45345472E-01     0.00000000E+00
   0.14388    -0.24457938E+00     0.20876513E+00     0.69241670E-01    -0.17077372E+00     0.00000000E+00
   0.14748    -0.24114689E+00     0.42232590E+00     0.62855284E-01    -0.37147736E+00     0.00000000E+00
   0.15108    -0.23808120E+00     0.61724380E+00     0.57299566E-01    -0.55327501E+00     0.00000000E+00
   0.15468    -0.23492948E+00     0.79895502E+00     0.52229603E-01    -0.72204840E+00     0.00000000E+00
   0.15827    -0.23210392E+00     0.96485216E+00     0.47796449E-01    -0.87512651E+00     0.00000000E+00
   0.16187    -0.22919550E+00     0.11197127E+01     0.43761199E-01    -0.10170946E+01     0.00000000E+00
   0.16547    -0.22656200E+00     0.12601700E+01     0.39870443E-01    -0.11456646E+01     0.00000000E+00
   0.16906    -0.22387991E+00     0.13922983E+01     0.35966474E-01    -0.12653181E+01     0.00000000E+00
   0.17266    -0.22141374E+00     0.15097900E+01     0.32474111E-01    -0.13715280E+01     0.00000000E+00
   0.17626    -0.21893365E+00     0.16212136E+01     0.29551651E-01    -0.14723347E+01     0.00000000E+00
   0.17986    -0.21664595E+00     0.17218669E+01     0.26351908E-01    -0.15621707E+01     0.00000000E+00
   0.18345    -0.21435875E+00     0.18165023E+01     0.22629527E-01    -0.16453588E+01     0.00000000E+00
   0.18705    -0.21223515E+00     0.18989997E+01     0.19554682E-01    -0.17167425E+01     0.00000000E+00
   0.19065    -0.21014596E+00     0.19752865E+01     0.17534542E-01    -0.17837160E+01     0.00000000E+00
   0.19424    -0.20818591E+00     0.20448873E+01     0.15778634E-01    -0.18442740E+01     0.00000000E+00
   0.19784    -0.20626557E+00     0.21092573E+01     0.13937924E-01    -0.18999076E+01     0.00000000E+00
   0.20144    -0.20445539E+00     0.21683243E+01     0.11672649E-01    -0.19495383E+01     0.00000000E+00
   0.20504    -0.20267298E+00     0.22199903E+01     0.94735448E-02    -0.19922030E+01     0.00000000E+00
   0.20863    -0.20100709E+00     0.22667553E+01     0.83643096E-02    -0.20309923E+01     0.00000000E+00
   0.21223    -0.19935824E+00     0.23094163E+01     0.79870194E-02    -0.20668901E+01     0.00000000E+00
   0.21583    -0.19780498E+00     0.23517297E+01     0.57679880E-02    -0.21005629E+01     0.00000000E+00
   0.21942    -0.19627106E+00     0.23838171E+01     0.40710253E-02    -0.21245774E+01     0.00000000E+00
   0.22302    -0.19482171E+00     0.24145104E+01     0.45682978E-02    -0.21503654E+01     0.00000000E+00
   0.22662    -0.19341745E+00     0.24465331E+01     0.37644372E-02    -0.21751920E+01     0.00000000E+00
   0.23022    -0.19204597E+00     0.24716068E+01     0.26583421E-02    -0.21937697E+01     0.00000000E+00
   0.23381    -0.19074214E+00     0.24979364E+01     0.90304841E-03    -0.22122119E+01     0.00000000E+00
   0.23741    -0.18946691E+00     0.25148593E+01     0.46710871E-04    -0.22232263E+01     0.00000000E+00
   0.24101    -0.18823189E+00     0.25351272E+01     0.10711021E-02    -0.22391878E+01     0.00000000E+00
   0.24460    -0.18706848E+00     0.25544841E+01     0.11074315E-02    -0.22532861E+01     0.00000000E+00
   0.24820    -0.18587997E+00     0.25732935E+01    -0.95724449E-03    -0.22648040E+01     0.00000000E+00
   0.25180    -0.18480775E+00     0.25840099E+01    -0.16969858E-02    -0.22699967E+01     0.00000000E+00
   0.25540    -0.18369847E+00     0.25972162E+01    -0.90757897E-03    -0.22796716E+01     0.00000000E+00
   0.25899    -0.18273894E+00     0.26102791E+01    -0.54981982E-03    -0.22878470E+01     0.00000000E+00
   0.26259    -0.18167433E+00     0.26217823E+01    -0.81182563E-03    -0.22949107E+01     0.00000000E+00
   0.26619    -0.18080831E+00     0.26338071E+01    -0.25365679E-02    -0.22999198E+01     0.00000000E+00
   0.26978    -0.17979190E+00     0.26365720E+01    -0.27356545E-02    -0.22992330E+01     0.00000000E+00
   0.27338    -0.17894812E+00     0.26466146E+01    -0.16288239E-02    -0.23058319E+01     0.00000000E+00
   0.27698    -0.17800033E+00     0.26527933E+01    -0.17114366E-02    -0.23080134E+01     0.00000000E+00
   0.28058    -0.17715677E+00     0.26607584E+01    -0.30632133E-02    -0.23107122E+01     0.00000000E+00
   0.28417    -0.17623491E+00     0.26608172E+01    -0.31506838E-02    -0.23075262E+01     0.00000000E+00
   0.28777    -0.17549991E+00     0.26680136E+01    -0.25399862E-02    -0.23118070E+01     0.00000000E+00
   0.29137    -0.17455777E+00     0.26683735E+01    -0.38836601E-02    -0.23078231E+01     0.00000000E+00
   0.29496    -0.17390872E+00     0.26693475E+01    -0.32503883E-02    -0.23066826E+01     0.00000000E+00
   0.29856    -0.17305628E+00     0.26706983E+01    -0.48180112E-02    -0.23036299E+01     0.00000000E+00
   0.30216    -0.17240295E+00     0.26637094E+01    -0.51228508E-02    -0.22944143E+01     0.00000000E+00
   0.30576    -0.17163753E+00     0.26626569E+01    -0.38473782E-02    -0.22928588E+01     0.00000000E+00
   0.30935    -0.17098963E+00     0.26607415E+01    -0.48860327E-02    -0.22867003E+01     0.00000000E+00
   0.31295    -0.17022445E+00     0.26520862E+01    -0.73292457E-02    -0.22754767E+01     0.00000000E+00
   0.31655    -0.16961080E+00     0.26429370E+01    -0.63470994E-02    -0.22654484E+01     0.00000000E+00
   0.32014    -0.16889103E+00     0.26353688E+01    -0.73118082E-02    -0.22577878E+01     0.00000000E+00
   0.32374    -0.16821542E+00     0.26251975E+01    -0.62031743E-02    -0.22468360E+01     0.00000000E+00
   0.32734    -0.16755779E+00     0.26189052E+01    -0.75811059E-02    -0.22388156E+01     0.00000000E+00
   0.33094    -0.16686279E+00     0.26051576E+01    -0.97647308E-02    -0.22215147E+01     0.00000000E+00
   0.33453    -0.16611872E+00     0.25862780E+01    -0.10175278E-01    -0.22039974E+01     0.00000000E+00
   0.33813    -0.16561734E+00     0.25750433E+01    -0.82018848E-02    -0.21934071E+01     0.00000000E+00
   0.34173    -0.16477571E+00     0.25589455E+01    -0.10620074E-01    -0.21760139E+01     0.00000000E+00
   0.34532    -0.16437694E+00     0.25401560E+01    -0.11430107E-01    -0.21555376E+01     0.00000000E+00
   0.34892    -0.16359963E+00     0.25172831E+01    -0.11166383E-01    -0.21360430E+01     0.00000000E+00
   0.35252    -0.16330804E+00     0.25057423E+01    -0.90722171E-02    -0.21235193E+01     0.00000000E+00
   0.35612    -0.16252701E+00     0.24839484E+01    -0.11008543E-01    -0.21012292E+01     0.00000000E+00
   0.35971    -0.16237246E+00     0.24698302E+01    -0.83073903E-02    -0.20862379E+01     0.00000000E+00
   0.36331    -0.16164148E+00     0.24552981E+01    -0.85938225E-02    -0.20708929E+01     0.00000000E+00
   0.36691    -0.16154195E+00     0.24476695E+01    -0.57227482E-02    -0.20596619E+01     0.00000000E+00
   0.37050    -0.16080713E+00     0.24411175E+01    -0.46342645E-02    -0.20519362E+01     0.00000000E+00
   0.37410    -0.16079074E+00     0.24511437E+01    -0.72263482E-03    -0.20549379E+01     0.00000000E+00
   0.37770    -0.16005149E+00     0.24592803E+01     0.11373028E-02    -0.20557625E+01     0.00000000E+00
   0.38129    -0.15994557E+00     0.24816121E+01     0.46434522E-02    -0.20708269E+01     0.00000000E+00
   0.38489    -0.15935193E+00     0.25177667E+01     0.87543426E-02    -0.20970581E+01     0.00000000E+00
   0.38849    -0.15925096E+00     0.25650052E+01     0.14343964E-01    -0.21299001E+01     0.00000000E+00
   0.39209    -0.15863238E+00     0.26260916E+01     0.15250895E-01    -0.21782902E+01     0.00000000E+00
   0.39568    -0.15868829E+00     0.27036158E+01     0.23511608E-01    -0.22326450E+01     0.00000000E+00
   0.39928    -0.15803350E+00     0.27856867E+01     0.20540162E-01    -0.22988350E+01     0.00000000E+00
   0.40288    -0.15822447E+00     0.28915443E+01     0.32840622E-01    -0.23777304E+01     0.00000000E+00
   0.40647    -0.15751029E+00     0.29999556E+01     0.24776213E-01    -0.24678898E+01     0.00000000E+00
   0.41007    -0.15771388E+00     0.31302030E+01     0.38568412E-01    -0.25612633E+01     0.00000000E+00
   0.41367    -0.15683353E+00     0.32455336E+01     0.20680285E-01    -0.26619777E+01     0.00000000E+00
   0.41727    -0.15726924E+00     0.33885776E+01     0.43224091E-01    -0.27670414E+01     0.00000000E+00
   0.42086    -0.15606093E+00     0.35071599E+01    -0.10061243E-01    -0.28900579E+01     0.00000000E+00
   0.42446    -0.15669869E+00     0.36085324E+01    -0.23813070E-01    -0.29712159E+01     0.00000000E+00
   0.42806    -0.15697927E+00     0.37529889E+01     0.14373524E+00    -0.29918826E+01     0.00000000E+00
   0.43165    -0.15660660E+00     0.37018321E+01    -0.10344393E-01    -0.30483346E+01     0.00000000E+00
   0.43525    -0.15499693E+00     0.36543745E+01    -0.77925745E-01    -0.30565830E+01     0.00000000E+00
   0.43885    -0.15618160E+00     0.36168156E+01    -0.31902754E-01    -0.30047741E+01     0.00000000E+00
   0.44245    -0.15436778E+00     0.35103084E+01    -0.60035620E-01    -0.29331034E+01     0.00000000E+00
   0.44604    -0.15604680E+00     0.33752798E+01    -0.46796512E-01    -0.28139790E+01     0.00000000E+00
   0.44964    -0.15395657E+00     0.31838754E+01    -0.90003804E-01    -0.26755354E+01     0.00000000E+00
   0.45324    -0.15604711E+00     0.29235318E+01    -0.87142919E-01    -0.24537729E+01     0.00000000E+00
   0.45683    -0.15387561E+00     0.25928865E+01    -0.14217057E+00    -0.22035017E+01     0.00000000E+00
   0.46043    -0.15643513E+00     0.21550614E+01    -0.14538644E+00    -0.18372682E+01     0.00000000E+00
   0.46403    -0.15414409E+00     0.16123043E+01    -0.21457153E+00    -0.14305931E+01     0.00000000E+00
   0.46763    -0.15739588E+00     0.91844124E+00    -0.23374142E+00    -0.87595883E+00     0.00000000E+00
   0.47122    -0.15491036E+00     0.35429121E-01    -0.33923061E+00    -0.23636128E+00     0.00000000E+00
   0.47482    -0.15927613E+00    -0.11420890E+01    -0.40653541E+00     0.61823573E+00     0.00000000E+00
   0.47842    -0.15661995E+00    -0.26725025E+01    -0.58058841E+00     0.15915564E+01     0.00000000E+00
   0.48201    -0.16312824E+00    -0.48449632E+01    -0.81289422E+00     0.27921856E+01     0.00000000E+00
   0.48561    -0.16104029E+00    -0.78082526E+01    -0.10260849E+01     0.40674727E+01     0.00000000E+00
   0.48921    -0.17376512E+00    -0.11964508E+02    -0.17039337E+01     0.45665979E+01     0.00000000E+00
   0.49281    -0.17277555E+00    -0.18087466E+02    -0.61715496E+00     0.35532788E+01     0.00000000E+00
   0.49640    -0.20911047E+00    -0.19774424E+02     0.17455733E+01    -0.70423690E+01     0.00000000E+00
   0.50000    -0.21750921E+00     0.33608005E+01     0.12108961E+02    -0.98338914E+00     0.00000000E+00
   0.50360    -0.21131498E+00     0.32892900E+02     0.59782049E+01    -0.13852129E+02     0.00000000E+00
   0.50719    -0.18579770E+00     0.38423623E+02     0.34039625E+00    -0.31001431E+02     0.00000000E+00
   0.51079    -0.17860949E+00     0.34856210E+02    -0.54675130E+00    -0.32633262E+02     0.00000000E+00
   0.51439    -0.17194433E+00     0.31918213E+02    -0.80637597E+00    -0.31126979E+02     0.00000000E+00
   0.51799    -0.16867565E+00     0.29583534E+02    -0.44046603E+00    -0.29385209E+02     0.00000000E+00
   0.52158    -0.16608084E+00     0.27970515E+02    -0.38548017E+00    -0.27936238E+02     0.00000000E+00
   0.52518    -0.16407289E+00     0.26734003E+02    -0.21806337E+00    -0.26734710E+02     0.00000000E+00
   0.52878    -0.16268906E+00     0.25866563E+02    -0.22771004E+00    -0.25857595E+02     0.00000000E+00
   0.53237    -0.16047931E+00     0.25042819E+02    -0.14257022E+00    -0.25009912E+02     0.00000000E+00
   0.53597    -0.15951670E+00     0.24423657E+02    -0.15438502E+00    -0.24374752E+02     0.00000000E+00
   0.53957    -0.15732330E+00     0.23881608E+02    -0.80732789E-01    -0.23816870E+02     0.00000000E+00
   0.54317    -0.15626467E+00     0.23473051E+02    -0.12063289E+00    -0.23397041E+02     0.00000000E+00
   0.54676    -0.15393818E+00     0.22988134E+02    -0.95752320E-01    -0.22897931E+02     0.00000000E+00
   0.55036    -0.15289636E+00     0.22582375E+02    -0.11679984E+00    -0.22488843E+02     0.00000000E+00
   0.55396    -0.15064531E+00     0.22166658E+02    -0.96676773E-01    -0.22067453E+02     0.00000000E+00
   0.55755    -0.14962149E+00     0.21785538E+02    -0.10755809E+00    -0.21689129E+02     0.00000000E+00
   0.56115    -0.14752586E+00     0.21434477E+02    -0.90983696E-01    -0.21338591E+02     0.00000000E+00
   0.56475    -0.14645508E+00     0.21048613E+02    -0.10130361E+00    -0.20960672E+02     0.00000000E+00
   0.56835    -0.14500175E+00     0.20761059E+02    -0.79726948E-01    -0.20680532E+02     0.00000000E+00
   0.57194    -0.14571925E+00     0.20962307E+02     0.94843272E-01    -0.20874225E+02     0.00000000E+00
   0.57554    -0.13966948E+00     0.20720436E+02     0.13962891E+00    -0.20627874E+02     0.00000000E+00
   0.57914    -0.13911957E+00     0.20326500E+02    -0.11532520E+00    -0.20249415E+02     0.00000000E+00
   0.58273    -0.13617942E+00     0.20177933E+02    -0.39947864E-01    -0.20089921E+02     0.00000000E+00
   0.58633    -0.13481873E+00     0.19981582E+02    -0.48638681E-01    -0.19895294E+02     0.00000000E+00
   0.58993    -0.13255412E+00     0.19921618E+02    -0.20434162E-01    -0.19828234E+02     0.00000000E+00
   0.59353    -0.13098591E+00     0.19796939E+02    -0.35296367E-01    -0.19698454E+02     0.00000000E+00
   0.59712    -0.12905520E+00     0.19715978E+02    -0.23326712E-01    -0.19611773E+02     0.00000000E+00
   0.60072    -0.12751995E+00     0.19623139E+02    -0.18770569E-01    -0.19516462E+02     0.00000000E+00
   0.60432    -0.12586045E+00     0.19591992E+02    -0.14211157E-01    -0.19480223E+02     0.00000000E+00
   0.60791    -0.12426493E+00     0.19529199E+02    -0.20738702E-01    -0.19410680E+02     0.00000000E+00
   0.61151    -0.12272052E+00     0.19472659E+02    -0.13644139E-01    -0.19350718E+02     0.00000000E+00
   0.61511    -0.12123761E+00     0.19448798E+02    -0.13489542E-01    -0.19321576E+02     0.00000000E+00
   0.61871    -0.11980302E+00     0.19398283E+02    -0.55987999E-02    -0.19267733E+02     0.00000000E+00
   0.62230    -0.11842006E+00     0.19410137E+02     0.59169984E-03    -0.19275991E+02     0.00000000E+00
   0.62590    -0.11697136E+00     0.19403861E+02    -0.58846959E-02    -0.19261983E+02     0.00000000E+00
   0.62950    -0.11561822E+00     0.19389686E+02    -0.58723184E-02    -0.19242077E+02     0.00000000E+00
   0.63309    -0.11426459E+00     0.19382771E+02     0.24752710E-02    -0.19231214E+02     0.00000000E+00
   0.63669    -0.11301971E+00     0.19406591E+02     0.12030182E-02    -0.19248968E+02     0.00000000E+00
   0.64029    -0.11168378E+00     0.19403192E+02     0.22931025E-02    -0.19239303E+02     0.00000000E+00
   0.64388    -0.11050567E+00     0.19426807E+02     0.79349098E-02    -0.19258854E+02     0.00000000E+00
   0.64748    -0.10925025E+00     0.19457377E+02     0.23525095E-03    -0.19280600E+02     0.00000000E+00
   0.65108    -0.10802822E+00     0.19449165E+02     0.66558325E-02    -0.19268345E+02     0.00000000E+00
   0.65468    -0.10692735E+00     0.19501455E+02     0.22254186E-01    -0.19318036E+02     0.00000000E+00
   0.65827    -0.10567831E+00     0.19562194E+02     0.13445500E-01    -0.19369382E+02     0.00000000E+00
   0.66187    -0.10448840E+00     0.19588475E+02     0.47210918E-02    -0.19386341E+02     0.00000000E+00
   0.66547    -0.10330629E+00     0.19610348E+02     0.21538543E-01    -0.19405582E+02     0.00000000E+00
   0.66906    -0.10224608E+00     0.19698514E+02     0.29931086E-01    -0.19488106E+02     0.00000000E+00
   0.67266    -0.10099202E+00     0.19762578E+02     0.13897560E-01    -0.19539394E+02     0.00000000E+00
   0.67626    -0.99884186E-01     0.19790812E+02     0.12622322E-01    -0.19560102E+02     0.00000000E+00
   0.67986    -0.98737109E-01     0.19848791E+02     0.20576917E-01    -0.19612440E+02     0.00000000E+00
   0.68345    -0.97664606E-01     0.19908252E+02     0.28920410E-01    -0.19666109E+02     0.00000000E+00
   0.68705    -0.96565435E-01     0.19997684E+02     0.37800057E-01    -0.19749227E+02     0.00000000E+00
   0.69065    -0.95489059E-01     0.20094094E+02     0.29647596E-01    -0.19833893E+02     0.00000000E+00
   0.69424    -0.94305299E-01     0.20157894E+02     0.21263623E-01    -0.19886091E+02     0.00000000E+00
   0.69784    -0.93278814E-01     0.20221710E+02     0.39485095E-01    -0.19946094E+02     0.00000000E+00
   0.70144    -0.92194546E-01     0.20352580E+02     0.40962483E-01    -0.20066613E+02     0.00000000E+00
   0.70504    -0.91042096E-01     0.20426629E+02     0.34585998E-01    -0.20127892E+02     0.00000000E+00
   0.70863    -0.90004316E-01     0.20530614E+02     0.42734510E-01    -0.20224649E+02     0.00000000E+00
   0.71223    -0.88866092E-01     0.20642269E+02     0.37863493E-01    -0.20322175E+02     0.00000000E+00
   0.71583    -0.87767815E-01     0.20724678E+02     0.47158291E-01    -0.20397179E+02     0.00000000E+00
   0.71942    -0.86725212E-01     0.20874738E+02     0.51853051E-01    -0.20534860E+02     0.00000000E+00
   0.72302    -0.85516389E-01     0.20972457E+02     0.44625632E-01    -0.20618161E+02     0.00000000E+00
   0.72662    -0.84500387E-01     0.21100530E+02     0.46600515E-01    -0.20734104E+02     0.00000000E+00
   0.73022    -0.83294430E-01     0.21209279E+02     0.61333795E-01    -0.20833387E+02     0.00000000E+00
   0.73381    -0.82331562E-01     0.21386849E+02     0.66131203E-01    -0.20996989E+02     0.00000000E+00
   0.73741    -0.80988165E-01     0.21514149E+02     0.53046484E-01    -0.21103972E+02     0.00000000E+00
   0.74101    -0.79988684E-01     0.21644272E+02     0.54336485E-01    -0.21220906E+02     0.00000000E+00
   0.74460    -0.78679048E-01     0.21787178E+02     0.61600048E-01    -0.21348932E+02     0.00000000E+00
   0.74820    -0.77656232E-01     0.21940371E+02     0.76974382E-01    -0.21490627E+02     0.00000000E+00
   0.75180    -0.76360597E-01     0.22139356E+02     0.76725537E-01    -0.21668938E+02     0.00000000E+00
   0.75540    -0.75176132E-01     0.22287109E+02     0.62802287E-01    -0.21793526E+02     0.00000000E+00
   0.75899    -0.73869845E-01     0.22444253E+02     0.69188547E-01    -0.21934197E+02     0.00000000E+00
   0.76259    -0.72720851E-01     0.22622215E+02     0.89419692E-01    -0.22097992E+02     0.00000000E+00
   0.76619    -0.71391075E-01     0.22848715E+02     0.91636844E-01    -0.22300545E+02     0.00000000E+00
   0.76978    -0.70078536E-01     0.23028554E+02     0.82638641E-01    -0.22452952E+02     0.00000000E+00
   0.77338    -0.68712159E-01     0.23225115E+02     0.80806375E-01    -0.22625729E+02     0.00000000E+00
   0.77698    -0.67353999E-01     0.23407812E+02     0.83479318E-01    -0.22783756E+02     0.00000000E+00
   0.78058    -0.65981416E-01     0.23617276E+02     0.10539068E+00    -0.22976061E+02     0.00000000E+00
   0.78417    -0.64611978E-01     0.23881932E+02     0.10110221E+00    -0.23206545E+02     0.00000000E+00
   0.78777    -0.62998534E-01     0.24065604E+02     0.92896322E-01    -0.23358530E+02     0.00000000E+00
   0.79137    -0.61669403E-01     0.24311906E+02     0.10759191E+00    -0.23579648E+02     0.00000000E+00
   0.79496    -0.59982131E-01     0.24556041E+02     0.11655296E+00    -0.23791980E+02     0.00000000E+00
   0.79856    -0.58555482E-01     0.24826778E+02     0.11336025E+00    -0.24024451E+02     0.00000000E+00
   0.80216    -0.56732609E-01     0.25060777E+02     0.10972771E+00    -0.24220241E+02     0.00000000E+00
   0.80576    -0.55268251E-01     0.25327804E+02     0.11617615E+00    -0.24452446E+02     0.00000000E+00
   0.80935    -0.53375992E-01     0.25597161E+02     0.12934828E+00    -0.24684247E+02     0.00000000E+00
   0.81295    -0.51835610E-01     0.25909212E+02     0.14480466E+00    -0.24955659E+02     0.00000000E+00
   0.81655    -0.49783315E-01     0.26225803E+02     0.13971799E+00    -0.25217954E+02     0.00000000E+00
   0.82014    -0.48028877E-01     0.26510001E+02     0.12896556E+00    -0.25448677E+02     0.00000000E+00
   0.82374    -0.45886906E-01     0.26803766E+02     0.13058446E+00    -0.25692805E+02     0.00000000E+00
   0.82734    -0.44060688E-01     0.27113342E+02     0.14838555E+00    -0.25955794E+02     0.00000000E+00
   0.83094    -0.41833420E-01     0.27476235E+02     0.15818629E+00    -0.26260925E+02     0.00000000E+00
   0.83453    -0.39781331E-01     0.27815081E+02     0.15702639E+00    -0.26534081E+02     0.00000000E+00
   0.83813    -0.37403129E-01     0.28177030E+02     0.16778521E+00    -0.26834167E+02     0.00000000E+00
   0.84173    -0.35217359E-01     0.28565587E+02     0.17260985E+00    -0.27148462E+02     0.00000000E+00
   0.84532    -0.32572609E-01     0.28939093E+02     0.17733179E+00    -0.27445881E+02     0.00000000E+00
   0.84892    -0.30252410E-01     0.29351219E+02     0.18468413E+00    -0.27776503E+02     0.00000000E+00
   0.85252    -0.27336113E-01     0.29751547E+02     0.17832913E+00    -0.28085331E+02     0.00000000E+00
   0.85612    -0.24803674E-01     0.30150988E+02     0.18268872E+00    -0.28399015E+02     0.00000000E+00
   0.85971    -0.21734977E-01     0.30601478E+02     0.21405314E+00    -0.28761970E+02     0.00000000E+00
   0.86331    -0.18997769E-01     0.31109737E+02     0.22366757E+00    -0.29157091E+02     0.00000000E+00
   0.86691    -0.15460288E-01     0.31569693E+02     0.20160491E+00    -0.29485508E+02     0.00000000E+00
   0.87050    -0.12439088E-01     0.32006531E+02     0.19891185E+00    -0.29808848E+02     0.00000000E+00
   0.87410    -0.87504762E-02     0.32522861E+02     0.24695990E+00    -0.30213849E+02     0.00000000E+00
   0.87770    -0.55008143E-02     0.33126147E+02     0.26025288E+00    -0.30662619E+02     0.00000000E+00
   0.88129    -0.11450793E-02     0.33645396E+02     0.24029598E+00    -0.31007242E+02     0.00000000E+00
   0.88489     0.24144143E-02     0.34176197E+02     0.23730459E+00    -0.31381826E+02     0.00000000E+00
   0.88849     0.71080820E-02     0.34749783E+02     0.25192341E+00    -0.31782726E+02     0.00000000E+00
   0.89209     0.10998492E-01     0.35355393E+02     0.28307581E+00    -0.32217771E+02     0.00000000E+00
   0.89568     0.16131785E-01     0.36080083E+02     0.30744178E+00    -0.32720403E+02     0.00000000E+00
   0.89928     0.20717880E-01     0.36726430E+02     0.29241137E+00    -0.33119553E+02     0.00000000E+00
   0.90288     0.26502893E-01     0.37405075E+02     0.30271935E+00    -0.33545820E+02     0.00000000E+00
   0.90647     0.31514350E-01     0.38117751E+02     0.33106385E+00    -0.34005068E+02     0.00000000E+00
   0.91007     0.37962569E-01     0.38943274E+02     0.34613616E+00    -0.34516003E+02     0.00000000E+00
   0.91367     0.43812181E-01     0.39681514E+02     0.34343504E+00    -0.34919716E+02     0.00000000E+00
   0.91727     0.50980511E-01     0.40536768E+02     0.36706957E+00    -0.35422350E+02     0.00000000E+00
   0.92086     0.57630477E-01     0.41398024E+02     0.37248471E+00    -0.35871978E+02     0.00000000E+00
   0.92446     0.65897888E-01     0.42278714E+02     0.40152478E+00    -0.36332986E+02     0.00000000E+00
   0.92806     0.73219861E-01     0.43320157E+02     0.44182760E+00    -0.36881420E+02     0.00000000E+00
   0.93165     0.83075828E-01     0.44347036E+02     0.45293389E+00    -0.37317326E+02     0.00000000E+00
   0.93525     0.91686836E-01     0.45343148E+02     0.44076467E+00    -0.37704115E+02     0.00000000E+00
   0.93885     0.10281095E+00     0.46445491E+02     0.48881611E+00    -0.38148878E+02     0.00000000E+00
   0.94245     0.11285431E+00     0.47704953E+02     0.53571532E+00    -0.38621024E+02     0.00000000E+00
   0.94604     0.12617199E+00     0.48970503E+02     0.55935667E+00    -0.38959629E+02     0.00000000E+00
   0.94964     0.13826202E+00     0.50279628E+02     0.58172825E+00    -0.39240325E+02     0.00000000E+00
   0.95324     0.15415844E+00     0.51664817E+02     0.61206655E+00    -0.39433191E+02     0.00000000E+00
   0.95683     0.16887015E+00     0.53101528E+02     0.66851974E+00    -0.39532536E+02     0.00000000E+00
   0.96043     0.18816515E+00     0.54747989E+02     0.74011328E+00    -0.39513739E+02     0.00000000E+00
   0.96403     0.20702097E+00     0.56277752E+02     0.74760050E+00    -0.39059326E+02     0.00000000E+00
   0.96763     0.23162191E+00     0.57712844E+02     0.78421169E+00    -0.38285792E+02     0.00000000E+00
   0.97122     0.25525662E+00     0.59308675E+02     0.87478394E+00    -0.37168979E+02     0.00000000E+00
   0.97482     0.28820850E+00     0.60621499E+02     0.93316388E+00    -0.35057015E+02     0.00000000E+00
   0.97842     0.32051819E+00     0.61278967E+02     0.96115442E+00    -0.31653353E+02     0.00000000E+00
   0.98201     0.36651943E+00     0.60638584E+02     0.94274278E+00    -0.26409770E+02     0.00000000E+00
   0.98561     0.41327075E+00     0.56680307E+02     0.74867671E+00    -0.18083351E+02     0.00000000E+00
   0.98921     0.47977275E+00     0.44371933E+02    -0.38827214E+00    -0.67605745E+01     0.00000000E+00
   0.99281     0.53144795E+00     0.80509444E+01    -0.52186982E+01    -0.35111791E+01     0.00000000E+00
   0.99640     0.52360506E+00    -0.95107646E+02    -0.13257633E+02    -0.80646585E+02     0.00000000E+00
   1.00000     0.17413325E+00    -0.22828837E+03    -0.61781297E+01    -0.21240785E+03     0.00000000E+00
