   0.00000     0.43763093E+00    -0.15433992E+03    -0.83460032E+01    -0.15054588E+03     0.00000000E+00
   0.00360    -0.10459331E-01    -0.21087674E+03     0.62323327E+01    -0.75189659E+02     0.00000000E+00
   0.00719    -0.24906195E+00    -0.18407225E+03     0.11558469E+02     0.47492737E+02     0.00000000E+00
   0.01079    -0.37698718E+00    -0.14407417E+03     0.80410739E+01     0.82905648E+02     0.00000000E+00
   0.01439    -0.39502487E+00    -0.11615731E+03     0.53071638E+01     0.84685564E+02     0.00000000E+00
   0.01799    -0.42292373E+00    -0.98057369E+02     0.37349993E+01     0.79912649E+02     0.00000000E+00
   0.02158    -0.41897291E+00    -0.84435192E+02     0.28781813E+01     0.73197045E+02     0.00000000E+00
   0.02518    -0.42556597E+00    -0.74713439E+02     0.22621067E+01     0.67451248E+02     0.00000000E+00
   0.02878    -0.41863733E+00    -0.66622490E+02     0.18623594E+01     0.61815518E+02     0.00000000E+00
   0.03237    -0.41804215E+00    -0.60395761E+02     0.15117082E+01     0.57088261E+02     0.00000000E+00
   0.03597    -0.41054349E+00    -0.55300191E+02     0.13357936E+01     0.52989787E+02     0.00000000E+00
   0.03957    -0.40821449E+00    -0.51075890E+02     0.11827970E+01     0.49493516E+02     0.00000000E+00
   0.04317    -0.40086438E+00    -0.47222078E+02     0.10228911E+01     0.46129362E+02     0.00000000E+00
   0.04676    -0.39709491E+00    -0.44091393E+02     0.88745238E+00     0.43329610E+02     0.00000000E+00
   0.05036    -0.39017765E+00    -0.41289269E+02     0.80929201E+00     0.40770132E+02     0.00000000E+00
   0.05396    -0.38613054E+00    -0.38846847E+02     0.74192642E+00     0.38500389E+02     0.00000000E+00
   0.05755    -0.37954776E+00    -0.36626425E+02     0.68185885E+00     0.36406386E+02     0.00000000E+00
   0.06115    -0.37543244E+00    -0.34601704E+02     0.60952712E+00     0.34465260E+02     0.00000000E+00
   0.06475    -0.36897471E+00    -0.32827578E+02     0.54437394E+00     0.32746375E+02     0.00000000E+00
   0.06835    -0.36500032E+00    -0.31257671E+02     0.52482501E+00     0.31216793E+02     0.00000000E+00
   0.07194    -0.35897075E+00    -0.29749758E+02     0.49991371E+00     0.29735426E+02     0.00000000E+00
   0.07554    -0.35500018E+00    -0.28339668E+02     0.45236391E+00     0.28337776E+02     0.00000000E+00
   0.07914    -0.34916104E+00    -0.27089482E+02     0.41609971E+00     0.27092275E+02     0.00000000E+00
   0.08273    -0.34538593E+00    -0.25935268E+02     0.39827274E+00     0.25937166E+02     0.00000000E+00
   0.08633    -0.33981277E+00    -0.24822892E+02     0.36959827E+00     0.24819437E+02     0.00000000E+00
   0.08993    -0.33609636E+00    -0.23849485E+02     0.35761450E+00     0.23836757E+02     0.00000000E+00
   0.09353    -0.33085114E+00    -0.22847787E+02     0.33738978E+00     0.22823263E+02     0.00000000E+00
   0.09712    -0.32711060E+00    -0.21974387E+02     0.30726492E+00     0.21937792E+02     0.00000000E+00
   0.10072    -0.32213309E+00    -0.21136259E+02     0.29738528E+00     0.21085805E+02     0.00000000E+00
   0.10432    -0.31854082E+00    -0.20363635E+02     0.29639196E+00     0.20296494E+02     0.00000000E+00
   0.10791    -0.31379723E+00    -0.19561297E+02     0.27587770E+00     0.19478781E+02     0.00000000E+00
   0.11151    -0.31016419E+00    -0.18867796E+02     0.24875224E+00     0.18772573E+02     0.00000000E+00
   0.11511    -0.30567424E+00    -0.18200974E+02     0.23572913E+00     0.18091799E+02     0.00000000E+00
   0.11871    -0.30212754E+00    -0.17592755E+02     0.22841212E+00     0.17469690E+02     0.00000000E+00
   0.12230    -0.29787392E+00    -0.16998819E+02     0.23474388E+00     0.16858139E+02     0.00000000E+00
   0.12590    -0.29444398E+00    -0.16390009E+02     0.22309876E+00     0.16234740E+02     0.00000000E+00
   0.12950    -0.29026178E+00    -0.15831466E+02     0.19585548E+00     0.15667298E+02     0.00000000E+00
   0.13309    -0.28690563E+00    -0.15340339E+02     0.18955766E+00     0.15164215E+02     0.00000000E+00
   0.13669    -0.28295084E+00    -0.14843692E+02     0.19651287E+00     0.14652307E+02     0.00000000E+00
   0.14029    -0.27966502E+00    -0.14345152E+02     0.18760007E+00     0.14142098E+02     0.00000000E+00
   0.14388    -0.27579931E+00    -0.13879359E+02     0.16972408E+00     0.13668866E+02     0.00000000E+00
   0.14748    -0.27257805E+00    -0.13457354E+02     0.16208457E+00     0.13237899E+02     0.00000000E+00
   0.15108    -0.26888764E+00    -0.13040446E+02     0.16141352E+00     0.12810669E+02     0.00000000E+00
   0.15468    -0.26574426E+00    -0.12634541E+02     0.15440347E+00     0.12396477E+02     0.00000000E+00
   0.15827    -0.26216696E+00    -0.12250564E+02     0.14938422E+00     0.12004614E+02     0.00000000E+00
   0.16187    -0.25910585E+00    -0.11874066E+02     0.14415828E+00     0.11620492E+02     0.00000000E+00
   0.16547    -0.25561500E+00    -0.11513873E+02     0.13628245E+00     0.11255222E+02     0.00000000E+00
   0.16906    -0.25261923E+00    -0.11176125E+02     0.13392096E+00     0.10910488E+02     0.00000000E+00
   0.17266    -0.24924636E+00    -0.10832568E+02     0.12719456E+00     0.10562610E+02     0.00000000E+00
   0.17626    -0.24628472E+00    -0.10522453E+02     0.11692785E+00     0.10249820E+02     0.00000000E+00
   0.17986    -0.24303035E+00    -0.10222330E+02     0.11349862E+00     0.99457671E+01     0.00000000E+00
   0.18345    -0.24014791E+00    -0.99360096E+01     0.11521290E+00     0.96538747E+01     0.00000000E+00
   0.18705    -0.23699898E+00    -0.96404176E+01     0.11523423E+00     0.93531191E+01     0.00000000E+00
   0.19065    -0.23414717E+00    -0.93559418E+01     0.10733748E+00     0.90674008E+01     0.00000000E+00
   0.19424    -0.23107105E+00    -0.90903672E+01     0.10075036E+00     0.88006362E+01     0.00000000E+00
   0.19784    -0.22826940E+00    -0.88343452E+01     0.96031560E-01     0.85439289E+01     0.00000000E+00
   0.20144    -0.22527978E+00    -0.85932497E+01     0.95694156E-01     0.83003599E+01     0.00000000E+00
   0.20504    -0.22254597E+00    -0.83460317E+01     0.95276419E-01     0.80513245E+01     0.00000000E+00
   0.20863    -0.21961945E+00    -0.81109550E+01     0.90570395E-01     0.78159358E+01     0.00000000E+00
   0.21223    -0.21693595E+00    -0.78821368E+01     0.83431321E-01     0.75888749E+01     0.00000000E+00
   0.21583    -0.21407327E+00    -0.76763488E+01     0.85022940E-01     0.73813796E+01     0.00000000E+00
   0.21942    -0.21147417E+00    -0.74496107E+01     0.85020728E-01     0.71536385E+01     0.00000000E+00
   0.22302    -0.20863149E+00    -0.72436914E+01     0.76270191E-01     0.69515091E+01     0.00000000E+00
   0.22662    -0.20608576E+00    -0.70517067E+01     0.73863698E-01     0.67598474E+01     0.00000000E+00
   0.23022    -0.20331634E+00    -0.68573842E+01     0.72812906E-01     0.65665177E+01     0.00000000E+00
   0.23381    -0.20080505E+00    -0.66730897E+01     0.74160753E-01     0.63813845E+01     0.00000000E+00
   0.23741    -0.19809844E+00    -0.64766454E+01     0.72324652E-01     0.61865148E+01     0.00000000E+00
   0.24101    -0.19559591E+00    -0.62991237E+01     0.64925526E-01     0.60129512E+01     0.00000000E+00
   0.24460    -0.19294236E+00    -0.61291411E+01     0.61607897E-01     0.58456421E+01     0.00000000E+00
   0.24820    -0.19048852E+00    -0.59659246E+01     0.64311881E-01     0.56823468E+01     0.00000000E+00
   0.25180    -0.18789134E+00    -0.57898635E+01     0.63406170E-01     0.55083498E+01     0.00000000E+00
   0.25540    -0.18544555E+00    -0.56301518E+01     0.57968669E-01     0.53530634E+01     0.00000000E+00
   0.25899    -0.18289933E+00    -0.54745467E+01     0.55095208E-01     0.52004721E+01     0.00000000E+00
   0.26259    -0.18048289E+00    -0.53254859E+01     0.53466074E-01     0.50546788E+01     0.00000000E+00
   0.26619    -0.17798316E+00    -0.51784579E+01     0.55939356E-01     0.49082616E+01     0.00000000E+00
   0.26978    -0.17559393E+00    -0.50222077E+01     0.53900838E-01     0.47560553E+01     0.00000000E+00
   0.27338    -0.17311001E+00    -0.48836963E+01     0.49605527E-01     0.46219977E+01     0.00000000E+00
   0.27698    -0.17075386E+00    -0.47433132E+01     0.48163141E-01     0.44853120E+01     0.00000000E+00
   0.28058    -0.16830126E+00    -0.46109429E+01     0.49141100E-01     0.43553100E+01     0.00000000E+00
   0.28417    -0.16597418E+00    -0.44690224E+01     0.47489771E-01     0.42175543E+01     0.00000000E+00
   0.28777    -0.16353305E+00    -0.43428402E+01     0.44546344E-01     0.40961375E+01     0.00000000E+00
   0.29137    -0.16124192E+00    -0.42125002E+01     0.44962877E-01     0.39685706E+01     0.00000000E+00
   0.29496    -0.15882090E+00    -0.40844305E+01     0.42293309E-01     0.38457635E+01     0.00000000E+00
   0.29856    -0.15654939E+00    -0.39644712E+01     0.42943273E-01     0.37284819E+01     0.00000000E+00
   0.30216    -0.15416210E+00    -0.38337105E+01     0.42041175E-01     0.36024426E+01     0.00000000E+00
   0.30576    -0.15188882E+00    -0.37176110E+01     0.37593731E-01     0.34922279E+01     0.00000000E+00
   0.30935    -0.14953003E+00    -0.36019643E+01     0.38474331E-01     0.33797067E+01     0.00000000E+00
   0.31295    -0.14727797E+00    -0.34815924E+01     0.39516716E-01     0.32631005E+01     0.00000000E+00
   0.31655    -0.14492730E+00    -0.33627795E+01     0.37249304E-01     0.31499567E+01     0.00000000E+00
   0.32014    -0.14268800E+00    -0.32505989E+01     0.35095818E-01     0.30431338E+01     0.00000000E+00
   0.32374    -0.14035657E+00    -0.31388172E+01     0.33119533E-01     0.29368393E+01     0.00000000E+00
   0.32734    -0.13812710E+00    -0.30327691E+01     0.32783363E-01     0.28352406E+01     0.00000000E+00
   0.33094    -0.13581522E+00    -0.29208908E+01     0.35110058E-01     0.27267893E+01     0.00000000E+00
   0.33453    -0.13358822E+00    -0.28059460E+01     0.33324581E-01     0.26180872E+01     0.00000000E+00
   0.33813    -0.13127358E+00    -0.27008647E+01     0.30156953E-01     0.25193288E+01     0.00000000E+00
   0.34173    -0.12906249E+00    -0.25955103E+01     0.30975403E-01     0.24183131E+01     0.00000000E+00
   0.34532    -0.12675814E+00    -0.24850962E+01     0.31909197E-01     0.23129233E+01     0.00000000E+00
   0.34892    -0.12454613E+00    -0.23760315E+01     0.29125932E-01     0.22108928E+01     0.00000000E+00
   0.35252    -0.12224441E+00    -0.22746853E+01     0.27650547E-01     0.21154703E+01     0.00000000E+00
   0.35612    -0.12004389E+00    -0.21683640E+01     0.28309233E-01     0.20143670E+01     0.00000000E+00
   0.35971    -0.11773745E+00    -0.20624121E+01     0.27075211E-01     0.19150522E+01     0.00000000E+00
   0.36331    -0.11553626E+00    -0.19591499E+01     0.26537697E-01     0.18176815E+01     0.00000000E+00
   0.36691    -0.11322891E+00    -0.18523330E+01     0.26270281E-01     0.17173222E+01     0.00000000E+00
   0.37050    -0.11102471E+00    -0.17480867E+01     0.24871251E-01     0.16198946E+01     0.00000000E+00
   0.37410    -0.10870839E+00    -0.16436534E+01     0.24499409E-01     0.15220257E+01     0.00000000E+00
   0.37770    -0.10650680E+00    -0.15373602E+01     0.24724011E-01     0.14221532E+01     0.00000000E+00
   0.38129    -0.10417865E+00    -0.14288439E+01     0.23662600E-01     0.13213685E+01     0.00000000E+00
   0.38489    -0.10197275E+00    -0.13242635E+01     0.22166083E-01     0.12241249E+01     0.00000000E+00
   0.38849    -0.99639383E-01    -0.12170711E+01     0.21880799E-01     0.11244922E+01     0.00000000E+00
   0.39209    -0.97429332E-01    -0.11103562E+01     0.20454017E-01     0.10255041E+01     0.00000000E+00
   0.39568    -0.95085645E-01    -0.10031845E+01     0.20759731E-01     0.92601315E+00     0.00000000E+00
   0.39928    -0.92874363E-01    -0.89180694E+00     0.19421454E-01     0.82279876E+00     0.00000000E+00
   0.40288    -0.90513507E-01    -0.78307857E+00     0.19070963E-01     0.72293246E+00     0.00000000E+00
   0.40647    -0.88301986E-01    -0.67092299E+00     0.16882760E-01     0.61897594E+00     0.00000000E+00
   0.41007    -0.85912182E-01    -0.55948693E+00     0.18919411E-01     0.51736461E+00     0.00000000E+00
   0.41367    -0.83718341E-01    -0.44069256E+00     0.13760697E-01     0.40662435E+00     0.00000000E+00
   0.41727    -0.81278392E-01    -0.32770497E+00     0.19045579E-01     0.30603067E+00     0.00000000E+00
   0.42086    -0.79158914E-01    -0.20554876E+00    -0.11816128E-01     0.18185082E+00     0.00000000E+00
   0.42446    -0.76677173E-01    -0.11398345E+00    -0.11109671E-02     0.10287343E+00     0.00000000E+00
   0.42806    -0.75699894E-01     0.30110829E-01     0.63838822E-01    -0.31200292E-03     0.00000000E+00
   0.43165    -0.73212419E-01     0.10863235E+00    -0.93581942E-02    -0.10258639E+00     0.00000000E+00
   0.43525    -0.71886317E-01     0.16981376E+00    -0.31509234E-01    -0.16760683E+00     0.00000000E+00
   0.43885    -0.70251588E-01     0.22526947E+00    -0.61316386E-03    -0.20551560E+00     0.00000000E+00
   0.44245    -0.69179662E-01     0.28086020E+00    -0.12605748E-01    -0.26113261E+00     0.00000000E+00
   0.44604    -0.67700074E-01     0.32250188E+00    -0.11809764E-02    -0.29436545E+00     0.00000000E+00
   0.44964    -0.66815508E-01     0.35923760E+00    -0.20339818E-01    -0.33537549E+00     0.00000000E+00
   0.45324    -0.65411551E-01     0.37233626E+00    -0.10234073E-01    -0.34260212E+00     0.00000000E+00
   0.45683    -0.64750230E-01     0.37058506E+00    -0.41007900E-01    -0.35301929E+00     0.00000000E+00
   0.46043    -0.63357991E-01     0.32246465E+00    -0.19421203E-01    -0.29923861E+00     0.00000000E+00
   0.46403    -0.63034920E-01     0.23932291E+00    -0.79212215E-01    -0.24983026E+00     0.00000000E+00
   0.46763    -0.61735485E-01     0.84246568E-01    -0.62408219E-01    -0.10331035E+00     0.00000000E+00
   0.47122    -0.61767689E-01    -0.14623769E+00    -0.14225620E+00     0.62657827E-01     0.00000000E+00
   0.47482    -0.60607220E-01    -0.51008788E+00    -0.13139170E+00     0.37769575E+00     0.00000000E+00
   0.47842    -0.61321422E-01    -0.10206845E+01    -0.26739378E+00     0.72181319E+00     0.00000000E+00
   0.48201    -0.60447200E-01    -0.17979429E+01    -0.26617313E+00     0.13016737E+01     0.00000000E+00
   0.48561    -0.62687578E-01    -0.28816018E+01    -0.47989890E+00     0.18434763E+01     0.00000000E+00
   0.48921    -0.63052097E-01    -0.43934286E+01    -0.46349183E+00     0.24885719E+01     0.00000000E+00
   0.49281    -0.68592039E-01    -0.64850648E+01    -0.19521183E+00     0.23834203E+01     0.00000000E+00
   0.49640    -0.77139137E-01    -0.61570662E+01     0.12127516E+01    -0.51204232E+00     0.00000000E+00
   0.50000    -0.86537484E-01     0.47498167E+01     0.53440082E+01     0.37496790E+01     0.00000000E+00
   0.50360    -0.73898250E-01     0.17161549E+02     0.21429410E+01    -0.33872190E+01     0.00000000E+00
   0.50719    -0.67935788E-01     0.18544717E+02    -0.14621228E+00    -0.12606431E+02     0.00000000E+00
   0.51079    -0.62195320E-01     0.16499959E+02    -0.49507791E+00    -0.14088129E+02     0.00000000E+00
   0.51439    -0.61671150E-01     0.14898805E+02    -0.35564959E+00    -0.13740113E+02     0.00000000E+00
   0.51799    -0.59314304E-01     0.13797020E+02    -0.24967624E+00    -0.13205005E+02     0.00000000E+00
   0.52158    -0.59790965E-01     0.12982559E+02    -0.18206674E+00    -0.12653175E+02     0.00000000E+00
   0.52518    -0.58695902E-01     0.12448914E+02    -0.12218748E+00    -0.12248633E+02     0.00000000E+00
   0.52878    -0.59282894E-01     0.12069322E+02    -0.93075411E-01    -0.11941840E+02     0.00000000E+00
   0.53237    -0.58544740E-01     0.11762418E+02    -0.73139875E-01    -0.11673096E+02     0.00000000E+00
   0.53597    -0.59184126E-01     0.11557426E+02    -0.46602447E-01    -0.11489387E+02     0.00000000E+00
   0.53957    -0.58633713E-01     0.11401874E+02    -0.33323631E-01    -0.11344562E+02     0.00000000E+00
   0.54317    -0.59228250E-01     0.11320251E+02    -0.24660950E-01    -0.11273530E+02     0.00000000E+00
   0.54676    -0.58714850E-01     0.11195356E+02    -0.38146015E-01    -0.11154944E+02     0.00000000E+00
   0.55036    -0.59348785E-01     0.11122874E+02    -0.19829061E-01    -0.11087361E+02     0.00000000E+00
   0.55396    -0.58892647E-01     0.11026294E+02    -0.35244412E-01    -0.10992287E+02     0.00000000E+00
   0.55755    -0.59621750E-01     0.10968581E+02    -0.18359741E-01    -0.10936073E+02     0.00000000E+00
   0.56115    -0.59194841E-01     0.10900572E+02    -0.29350866E-01    -0.10867245E+02     0.00000000E+00
   0.56475    -0.60027203E-01     0.10839037E+02    -0.18627295E-01    -0.10804499E+02     0.00000000E+00
   0.56835    -0.59877685E-01     0.10801700E+02    -0.38399252E-01    -0.10761793E+02     0.00000000E+00
   0.57194    -0.61714216E-01     0.11044770E+02     0.55231779E-01    -0.11007578E+02     0.00000000E+00
   0.57554    -0.59936871E-01     0.11043989E+02     0.22523456E-01    -0.11004666E+02     0.00000000E+00
   0.57914    -0.61373269E-01     0.10999106E+02     0.18911464E-01    -0.10964086E+02     0.00000000E+00
   0.58273    -0.60944883E-01     0.11080188E+02     0.11233067E-01    -0.11046432E+02     0.00000000E+00
   0.58633    -0.62085961E-01     0.11103412E+02     0.16899948E-01    -0.11070031E+02     0.00000000E+00
   0.58993    -0.61956033E-01     0.11215711E+02     0.17533804E-01    -0.11184132E+02     0.00000000E+00
   0.59353    -0.62827742E-01     0.11270717E+02     0.13275764E-01    -0.11241712E+02     0.00000000E+00
   0.59712    -0.62874877E-01     0.11358173E+02     0.15497328E-01    -0.11331062E+02     0.00000000E+00
   0.60072    -0.63628547E-01     0.11423032E+02     0.19980900E-01    -0.11397033E+02     0.00000000E+00
   0.60432    -0.63798522E-01     0.11530120E+02     0.21113668E-01    -0.11505710E+02     0.00000000E+00
   0.60791    -0.64426703E-01     0.11606172E+02     0.17612363E-01    -0.11584085E+02     0.00000000E+00
   0.61151    -0.64670800E-01     0.11690431E+02     0.21497003E-01    -0.11669400E+02     0.00000000E+00
   0.61511    -0.65258361E-01     0.11784346E+02     0.21521060E-01    -0.11764843E+02     0.00000000E+00
   0.61871    -0.65528971E-01     0.11864934E+02     0.26221100E-01    -0.11846395E+02     0.00000000E+00
   0.62230    -0.66120999E-01     0.11977011E+02     0.30047620E-01    -0.11959319E+02     0.00000000E+00
   0.62590    -0.66381117E-01     0.12079164E+02     0.25688039E-01    -0.12063424E+02     0.00000000E+00
   0.62950    -0.66916016E-01     0.12171510E+02     0.25793207E-01    -0.12157142E+02     0.00000000E+00
   0.63309    -0.67223008E-01     0.12268503E+02     0.31016421E-01    -0.12254996E+02     0.00000000E+00
   0.63669    -0.67750263E-01     0.12381721E+02     0.30127447E-01    -0.12369433E+02     0.00000000E+00
   0.64029    -0.68040660E-01     0.12476891E+02     0.30864529E-01    -0.12465867E+02     0.00000000E+00
   0.64388    -0.68573572E-01     0.12587377E+02     0.34530975E-01    -0.12577047E+02     0.00000000E+00
   0.64748    -0.68860442E-01     0.12701530E+02     0.29405766E-01    -0.12692715E+02     0.00000000E+00
   0.65108    -0.69344993E-01     0.12788781E+02     0.34004969E-01    -0.12780655E+02     0.00000000E+00
   0.65468    -0.69704465E-01     0.12915651E+02     0.44300145E-01    -0.12907826E+02     0.00000000E+00
   0.65827    -0.70156297E-01     0.13046987E+02     0.38358174E-01    -0.13040463E+02     0.00000000E+00
   0.66187    -0.70456676E-01     0.13154685E+02     0.32737383E-01    -0.13149383E+02     0.00000000E+00
   0.66547    -0.70930103E-01     0.13259036E+02     0.44386411E-01    -0.13254045E+02     0.00000000E+00
   0.66906    -0.71286050E-01     0.13407061E+02     0.50014504E-01    -0.13402615E+02     0.00000000E+00
   0.67266    -0.71690879E-01     0.13538657E+02     0.39225279E-01    -0.13535465E+02     0.00000000E+00
   0.67626    -0.72002099E-01     0.13644685E+02     0.38560558E-01    -0.13642145E+02     0.00000000E+00
   0.67986    -0.72459498E-01     0.13771628E+02     0.44338193E-01    -0.13769500E+02     0.00000000E+00
   0.68345    -0.72764579E-01     0.13898030E+02     0.50245673E-01    -0.13896289E+02     0.00000000E+00
   0.68705    -0.73237285E-01     0.14046522E+02     0.56613878E-01    -0.14045142E+02     0.00000000E+00
   0.69065    -0.73512092E-01     0.14198456E+02     0.50911560E-01    -0.14197639E+02     0.00000000E+00
   0.69424    -0.73926179E-01     0.14328758E+02     0.45588762E-01    -0.14328372E+02     0.00000000E+00
   0.69784    -0.74219759E-01     0.14457886E+02     0.58777742E-01    -0.14457640E+02     0.00000000E+00
   0.70144    -0.74688920E-01     0.14636234E+02     0.59889610E-01    -0.14636201E+02     0.00000000E+00
   0.70504    -0.74878641E-01     0.14772246E+02     0.55611621E-01    -0.14772339E+02     0.00000000E+00
   0.70863    -0.75377382E-01     0.14931891E+02     0.61871662E-01    -0.14932018E+02     0.00000000E+00
   0.71223    -0.75556595E-01     0.15095578E+02     0.58575547E-01    -0.15095579E+02     0.00000000E+00
   0.71583    -0.76010414E-01     0.15240001E+02     0.65708308E-01    -0.15239910E+02     0.00000000E+00
   0.71942    -0.76240906E-01     0.15432666E+02     0.69343015E-01    -0.15432303E+02     0.00000000E+00
   0.72302    -0.76619220E-01     0.15588954E+02     0.64305655E-01    -0.15588047E+02     0.00000000E+00
   0.72662    -0.76846942E-01     0.15766256E+02     0.66550450E-01    -0.15764823E+02     0.00000000E+00
   0.73022    -0.77232460E-01     0.15932215E+02     0.77421539E-01    -0.15930362E+02     0.00000000E+00
   0.73381    -0.77470537E-01     0.16147581E+02     0.81517737E-01    -0.16144969E+02     0.00000000E+00
   0.73741    -0.77764412E-01     0.16328568E+02     0.71947214E-01    -0.16324406E+02     0.00000000E+00
   0.74101    -0.77967718E-01     0.16510147E+02     0.73819484E-01    -0.16504921E+02     0.00000000E+00
   0.74460    -0.78308335E-01     0.16704993E+02     0.79511620E-01    -0.16698478E+02     0.00000000E+00
   0.74820    -0.78470045E-01     0.16905563E+02     0.91964076E-01    -0.16898077E+02     0.00000000E+00
   0.75180    -0.78829248E-01     0.17145611E+02     0.91881818E-01    -0.17136005E+02     0.00000000E+00
   0.75540    -0.78867954E-01     0.17343690E+02     0.81680739E-01    -0.17331212E+02     0.00000000E+00
   0.75899    -0.79233709E-01     0.17553393E+02     0.86992985E-01    -0.17538885E+02     0.00000000E+00
   0.76259    -0.79274943E-01     0.17776944E+02     0.10378921E+00    -0.17760748E+02     0.00000000E+00
   0.76619    -0.79645725E-01     0.18043500E+02     0.10568606E+00    -0.18024020E+02     0.00000000E+00
   0.76978    -0.79555611E-01     0.18271013E+02     0.99330592E-01    -0.18247155E+02     0.00000000E+00
   0.77338    -0.79916394E-01     0.18516582E+02     0.98247630E-01    -0.18488841E+02     0.00000000E+00
   0.77698    -0.79768139E-01     0.18748689E+02     0.10142701E+00    -0.18716598E+02     0.00000000E+00
   0.78058    -0.80154907E-01     0.19007951E+02     0.11919010E+00    -0.18973119E+02     0.00000000E+00
   0.78417    -0.79977971E-01     0.19308997E+02     0.11639772E+00    -0.19267704E+02     0.00000000E+00
   0.78777    -0.80216437E-01     0.19550356E+02     0.10990695E+00    -0.19502422E+02     0.00000000E+00
   0.79137    -0.80052103E-01     0.19839671E+02     0.12370910E+00    -0.19786677E+02     0.00000000E+00
   0.79496    -0.80261179E-01     0.20134517E+02     0.13145175E+00    -0.20074658E+02     0.00000000E+00
   0.79856    -0.79993271E-01     0.20447969E+02     0.12944877E+00    -0.20379345E+02     0.00000000E+00
   0.80216    -0.80141637E-01     0.20737859E+02     0.12691311E+00    -0.20659864E+02     0.00000000E+00
   0.80576    -0.79822639E-01     0.21051709E+02     0.13409784E+00    -0.20965100E+02     0.00000000E+00
   0.80935    -0.79946863E-01     0.21376344E+02     0.14530503E+00    -0.21280177E+02     0.00000000E+00
   0.81295    -0.79534047E-01     0.21732244E+02     0.15897398E+00    -0.21625561E+02     0.00000000E+00
   0.81655    -0.79592138E-01     0.22100933E+02     0.15537749E+00    -0.21978944E+02     0.00000000E+00
   0.82014    -0.78982020E-01     0.22438484E+02     0.14771112E+00    -0.22300518E+02     0.00000000E+00
   0.82374    -0.79023820E-01     0.22793813E+02     0.14988781E+00    -0.22640771E+02     0.00000000E+00
   0.82734    -0.78324142E-01     0.23157479E+02     0.16640458E+00    -0.22990183E+02     0.00000000E+00
   0.83094    -0.78352666E-01     0.23577996E+02     0.17590243E+00    -0.23392448E+02     0.00000000E+00
   0.83453    -0.77429649E-01     0.23973198E+02     0.17637214E+00    -0.23765605E+02     0.00000000E+00
   0.83813    -0.77410807E-01     0.24399911E+02     0.18660313E+00    -0.24171368E+02     0.00000000E+00
   0.84173    -0.76330479E-01     0.24844539E+02     0.19221932E+00    -0.24589824E+02     0.00000000E+00
   0.84532    -0.76181429E-01     0.25289411E+02     0.19649416E+00    -0.25006927E+02     0.00000000E+00
   0.84892    -0.74934106E-01     0.25760876E+02     0.20449861E+00    -0.25447963E+02     0.00000000E+00
   0.85252    -0.74662372E-01     0.26237838E+02     0.19982166E+00    -0.25889101E+02     0.00000000E+00
   0.85612    -0.73181507E-01     0.26706111E+02     0.20827315E+00    -0.26322698E+02     0.00000000E+00
   0.85971    -0.72897718E-01     0.27240165E+02     0.23659688E+00    -0.26821711E+02     0.00000000E+00
   0.86331    -0.71146033E-01     0.27815171E+02     0.24766394E+00    -0.27349589E+02     0.00000000E+00
   0.86691    -0.70613451E-01     0.28366978E+02     0.22884871E+00    -0.27843374E+02     0.00000000E+00
   0.87050    -0.68541091E-01     0.28886832E+02     0.23169089E+00    -0.28311625E+02     0.00000000E+00
   0.87410    -0.68037668E-01     0.29506055E+02     0.27368744E+00    -0.28881594E+02     0.00000000E+00
   0.87770    -0.65625771E-01     0.30190475E+02     0.28778794E+00    -0.29494706E+02     0.00000000E+00
   0.88129    -0.64733849E-01     0.30824518E+02     0.26927578E+00    -0.30043455E+02     0.00000000E+00
   0.88489    -0.61953349E-01     0.31455826E+02     0.27248380E+00    -0.30596530E+02     0.00000000E+00
   0.88849    -0.60967335E-01     0.32158268E+02     0.28516496E+00    -0.31211741E+02     0.00000000E+00
   0.89209    -0.57758150E-01     0.32871512E+02     0.32241614E+00    -0.31836332E+02     0.00000000E+00
   0.89568    -0.56639576E-01     0.33734496E+02     0.34599196E+00    -0.32582795E+02     0.00000000E+00
   0.89928    -0.52642279E-01     0.34507630E+02     0.33900262E+00    -0.33219202E+02     0.00000000E+00
   0.90288    -0.51244085E-01     0.35356420E+02     0.33957460E+00    -0.33928774E+02     0.00000000E+00
   0.90647    -0.46658203E-01     0.36209060E+02     0.37711419E+00    -0.34635366E+02     0.00000000E+00
   0.91007    -0.45023968E-01     0.37228724E+02     0.39289719E+00    -0.35471115E+02     0.00000000E+00
   0.91367    -0.39373966E-01     0.38139309E+02     0.40303618E+00    -0.36176498E+02     0.00000000E+00
   0.91727    -0.37476717E-01     0.39220406E+02     0.42752090E+00    -0.37040391E+02     0.00000000E+00
   0.92086    -0.30796999E-01     0.40285028E+02     0.44243871E+00    -0.37842970E+02     0.00000000E+00
   0.92446    -0.28362499E-01     0.41438726E+02     0.46883143E+00    -0.38724338E+02     0.00000000E+00
   0.92806    -0.20704100E-01     0.42724556E+02     0.51921036E+00    -0.39684273E+02     0.00000000E+00
   0.93165    -0.17412567E-01     0.44082940E+02     0.52710325E+00    -0.40639143E+02     0.00000000E+00
   0.93525    -0.80191065E-02     0.45395426E+02     0.53969173E+00    -0.41514802E+02     0.00000000E+00
   0.93885    -0.41046073E-02     0.46910454E+02     0.59589357E+00    -0.42550762E+02     0.00000000E+00
   0.94245     0.71141673E-02     0.48579613E+02     0.66872070E+00    -0.43631745E+02     0.00000000E+00
   0.94604     0.12423644E-01     0.50367096E+02     0.69369507E+00    -0.44708735E+02     0.00000000E+00
   0.94964     0.26114025E-01     0.52231714E+02     0.72947891E+00    -0.45757436E+02     0.00000000E+00
   0.95324     0.33199795E-01     0.54322166E+02     0.79071741E+00    -0.46854562E+02     0.00000000E+00
   0.95683     0.50260344E-01     0.56524816E+02     0.89136927E+00    -0.47903219E+02     0.00000000E+00
   0.96043     0.59689486E-01     0.59180674E+02     0.99076860E+00    -0.49074580E+02     0.00000000E+00
   0.96403     0.82137669E-01     0.61843663E+02     0.10500272E+01    -0.49870909E+02     0.00000000E+00
   0.96763     0.95654411E-01     0.64770671E+02     0.11531918E+01    -0.50565705E+02     0.00000000E+00
   0.97122     0.12494590E+00     0.68162126E+02     0.13394533E+01    -0.51077303E+02     0.00000000E+00
   0.97482     0.14548841E+00     0.72000503E+02     0.15413674E+01    -0.50907090E+02     0.00000000E+00
   0.97842     0.18841355E+00     0.75821785E+02     0.17297871E+01    -0.49444321E+02     0.00000000E+00
   0.98201     0.22248507E+00     0.79637241E+02     0.20429138E+01    -0.45962318E+02     0.00000000E+00
   0.98561     0.29072074E+00     0.82631992E+02     0.23525113E+01    -0.38463776E+02     0.00000000E+00
   0.98921     0.35740369E+00     0.80859339E+02     0.22804664E+01    -0.23172853E+02     0.00000000E+00
   0.99281     0.47561175E+00     0.63602744E+02    -0.87324931E+00     0.77525102E+00     0.00000000E+00
   0.99640     0.54807791E+00    -0.10313336E+02    -0.93495973E+01    -0.13763260E+02     0.00000000E+00
   1.00000     0.43763093E+00    -0.15433992E+03    -0.83460032E+01    -0.15054588E+03     0.00000000E+00
