   0.00000     0.35676152E+00    -0.17612699E+03    -0.77178641E+01    -0.16902814E+03     0.00000000E+00
   0.00360    -0.84236778E-01    -0.22103148E+03     0.90354021E+01    -0.66621788E+02     0.00000000E+00
   0.00719    -0.33948763E+00    -0.18267250E+03     0.10311347E+02     0.60424769E+02     0.00000000E+00
   0.01079    -0.41648430E+00    -0.13676090E+03     0.85179407E+01     0.85670982E+02     0.00000000E+00
   0.01439    -0.43511250E+00    -0.10832016E+03     0.52474466E+01     0.83784631E+02     0.00000000E+00
   0.01799    -0.44230408E+00    -0.89368619E+02     0.37633972E+01     0.76098986E+02     0.00000000E+00
   0.02158    -0.43595966E+00    -0.75569705E+02     0.27263658E+01     0.67924628E+02     0.00000000E+00
   0.02518    -0.42989107E+00    -0.65693242E+02     0.21830836E+01     0.61073279E+02     0.00000000E+00
   0.02878    -0.42115475E+00    -0.57661626E+02     0.17807214E+01     0.54827687E+02     0.00000000E+00
   0.03237    -0.41183827E+00    -0.51436005E+02     0.14394541E+01     0.49639336E+02     0.00000000E+00
   0.03597    -0.40292986E+00    -0.46409280E+02     0.12312601E+01     0.45269695E+02     0.00000000E+00
   0.03957    -0.39375646E+00    -0.42174772E+02     0.10978183E+01     0.41479398E+02     0.00000000E+00
   0.04317    -0.38508312E+00    -0.38437927E+02     0.95183706E+00     0.38018536E+02     0.00000000E+00
   0.04676    -0.37615584E+00    -0.35313489E+02     0.83236035E+00     0.35065633E+02     0.00000000E+00
   0.05036    -0.36797233E+00    -0.32585624E+02     0.74913405E+00     0.32451827E+02     0.00000000E+00
   0.05396    -0.35974084E+00    -0.30171484E+02     0.68607740E+00     0.30107823E+02     0.00000000E+00
   0.05755    -0.35202523E+00    -0.28008001E+02     0.62777827E+00     0.27986405E+02     0.00000000E+00
   0.06115    -0.34438750E+00    -0.26034530E+02     0.56309416E+00     0.26032637E+02     0.00000000E+00
   0.06475    -0.33705023E+00    -0.24300111E+02     0.50605395E+00     0.24304834E+02     0.00000000E+00
   0.06835    -0.32998729E+00    -0.22751300E+02     0.48145816E+00     0.22754859E+02     0.00000000E+00
   0.07194    -0.32322285E+00    -0.21288739E+02     0.45739213E+00     0.21284175E+02     0.00000000E+00
   0.07554    -0.31657543E+00    -0.19919699E+02     0.41426531E+00     0.19903589E+02     0.00000000E+00
   0.07914    -0.31013769E+00    -0.18706803E+02     0.38281684E+00     0.18677879E+02     0.00000000E+00
   0.08273    -0.30400203E+00    -0.17573622E+02     0.36375754E+00     0.17529372E+02     0.00000000E+00
   0.08633    -0.29792064E+00    -0.16508766E+02     0.33785338E+00     0.16450344E+02     0.00000000E+00
   0.08993    -0.29217426E+00    -0.15547540E+02     0.32429866E+00     0.15473389E+02     0.00000000E+00
   0.09353    -0.28646627E+00    -0.14601053E+02     0.30570397E+00     0.14512299E+02     0.00000000E+00
   0.09712    -0.28101741E+00    -0.13746901E+02     0.28117657E+00     0.13646350E+02     0.00000000E+00
   0.10072    -0.27562112E+00    -0.12945738E+02     0.26833326E+00     0.12832991E+02     0.00000000E+00
   0.10432    -0.27052873E+00    -0.12194661E+02     0.26272867E+00     0.12068883E+02     0.00000000E+00
   0.10791    -0.26544235E+00    -0.11451117E+02     0.24486255E+00     0.11315552E+02     0.00000000E+00
   0.11151    -0.26058322E+00    -0.10782441E+02     0.22388358E+00     0.10640754E+02     0.00000000E+00
   0.11511    -0.25578910E+00    -0.10151821E+02     0.21079730E+00     0.10003579E+02     0.00000000E+00
   0.11871    -0.25121195E+00    -0.95640831E+01     0.20222001E+00     0.94104442E+01     0.00000000E+00
   0.12230    -0.24669552E+00    -0.90026858E+01     0.20132791E+00     0.88416265E+01     0.00000000E+00
   0.12590    -0.24238731E+00    -0.84438084E+01     0.19095849E+00     0.82788901E+01     0.00000000E+00
   0.12950    -0.23806292E+00    -0.79296538E+01     0.17217742E+00     0.77652236E+01     0.00000000E+00
   0.13309    -0.23398264E+00    -0.74595229E+01     0.16558385E+00     0.72940769E+01     0.00000000E+00
   0.13669    -0.22992021E+00    -0.70013631E+01     0.16546442E+00     0.68334221E+01     0.00000000E+00
   0.14029    -0.22606225E+00    -0.65523014E+01     0.15770553E+00     0.63849018E+01     0.00000000E+00
   0.14388    -0.22219095E+00    -0.61331783E+01     0.14532778E+00     0.59689031E+01     0.00000000E+00
   0.14748    -0.21853301E+00    -0.57435867E+01     0.13800650E+00     0.55818389E+01     0.00000000E+00
   0.15108    -0.21487425E+00    -0.53686317E+01     0.13378808E+00     0.52090411E+01     0.00000000E+00
   0.15468    -0.21140323E+00    -0.50075064E+01     0.12704599E+00     0.48515602E+01     0.00000000E+00
   0.15827    -0.20793297E+00    -0.46669556E+01     0.12128752E+00     0.45150734E+01     0.00000000E+00
   0.16187    -0.20464971E+00    -0.43382508E+01     0.11582387E+00     0.41909684E+01     0.00000000E+00
   0.16547    -0.20135284E+00    -0.40266700E+01     0.10932510E+00     0.38852187E+01     0.00000000E+00
   0.16906    -0.19823541E+00    -0.37319519E+01     0.10514571E+00     0.35957592E+01     0.00000000E+00
   0.17266    -0.19510561E+00    -0.34454107E+01     0.99490969E-01     0.33157284E+01     0.00000000E+00
   0.17626    -0.19213452E+00    -0.31786776E+01     0.92945785E-01     0.30561107E+01     0.00000000E+00
   0.17986    -0.18917096E+00    -0.29240738E+01     0.88970043E-01     0.28083230E+01     0.00000000E+00
   0.18345    -0.18635377E+00    -0.26813956E+01     0.86765325E-01     0.25721433E+01     0.00000000E+00
   0.18705    -0.18354789E+00    -0.24442897E+01     0.84231210E-01     0.23419643E+01     0.00000000E+00
   0.19065    -0.18086853E+00    -0.22183827E+01     0.79209563E-01     0.21240014E+01     0.00000000E+00
   0.19424    -0.17820360E+00    -0.20052042E+01     0.74694306E-01     0.19187127E+01     0.00000000E+00
   0.19784    -0.17565609E+00    -0.18019273E+01     0.70550693E-01     0.17233541E+01     0.00000000E+00
   0.20144    -0.17312552E+00    -0.16091252E+01     0.67750441E-01     0.15381713E+01     0.00000000E+00
   0.20504    -0.17070471E+00    -0.14222211E+01     0.64860188E-01     0.13590855E+01     0.00000000E+00
   0.20863    -0.16830328E+00    -0.12446243E+01     0.61374151E-01     0.11895661E+01     0.00000000E+00
   0.21223    -0.16600228E+00    -0.10750739E+01     0.57394748E-01     0.10282334E+01     0.00000000E+00
   0.21583    -0.16372177E+00    -0.91542056E+00     0.55216913E-01     0.87640171E+00     0.00000000E+00
   0.21942    -0.16153288E+00    -0.75937917E+00     0.52885481E-01     0.72839158E+00     0.00000000E+00
   0.22302    -0.15936189E+00    -0.61251578E+00     0.49347078E-01     0.58968961E+00     0.00000000E+00
   0.22662    -0.15728123E+00    -0.47306988E+00     0.46936892E-01     0.45813289E+00     0.00000000E+00
   0.23022    -0.15521519E+00    -0.33911464E+00     0.44777037E-01     0.33212042E+00     0.00000000E+00
   0.23381    -0.15323743E+00    -0.21139276E+00     0.42956084E-01     0.21232681E+00     0.00000000E+00
   0.23741    -0.15127325E+00    -0.88436235E-01     0.40990337E-01     0.97340210E-01     0.00000000E+00
   0.24101    -0.14939670E+00     0.27980805E-01     0.38367321E-01    -0.11621250E-01     0.00000000E+00
   0.24460    -0.14753385E+00     0.13917577E+00     0.35975628E-01    -0.11544594E+00     0.00000000E+00
   0.24820    -0.14574564E+00     0.24514138E+00     0.34017528E-01    -0.21375848E+00     0.00000000E+00
   0.25180    -0.14396937E+00     0.34616060E+00     0.32116411E-01    -0.30729838E+00     0.00000000E+00
   0.25540    -0.14226906E+00     0.44218490E+00     0.30210961E-01    -0.39644861E+00     0.00000000E+00
   0.25899    -0.14057824E+00     0.53408209E+00     0.28664338E-01    -0.48127561E+00     0.00000000E+00
   0.26259    -0.13895705E+00     0.62150276E+00     0.26958662E-01    -0.56186915E+00     0.00000000E+00
   0.26619    -0.13734647E+00     0.70539091E+00     0.25289517E-01    -0.63828709E+00     0.00000000E+00
   0.26978    -0.13580005E+00     0.78346378E+00     0.23693872E-01    -0.70984224E+00     0.00000000E+00
   0.27338    -0.13427634E+00     0.85975882E+00     0.22495351E-01    -0.77990858E+00     0.00000000E+00
   0.27698    -0.13280381E+00     0.93146706E+00     0.21057208E-01    -0.84530457E+00     0.00000000E+00
   0.28058    -0.13135345E+00     0.10009670E+01     0.19398908E-01    -0.90810420E+00     0.00000000E+00
   0.28417    -0.12994641E+00     0.10645139E+01     0.18139389E-01    -0.96565081E+00     0.00000000E+00
   0.28777    -0.12857041E+00     0.11277408E+01     0.17106887E-01    -0.10232736E+01     0.00000000E+00
   0.29137    -0.12722309E+00     0.11862987E+01     0.15754103E-01    -0.10754624E+01     0.00000000E+00
   0.29496    -0.12591247E+00     0.12420833E+01     0.14873573E-01    -0.11260508E+01     0.00000000E+00
   0.29856    -0.12462957E+00     0.12965632E+01     0.13489470E-01    -0.11742418E+01     0.00000000E+00
   0.30216    -0.12337590E+00     0.13449337E+01     0.12394063E-01    -0.12172971E+01     0.00000000E+00
   0.30576    -0.12216113E+00     0.13939958E+01     0.12296301E-01    -0.12619324E+01     0.00000000E+00
   0.30935    -0.12096339E+00     0.14409510E+01     0.11036004E-01    -0.13028583E+01     0.00000000E+00
   0.31295    -0.11979532E+00     0.14828548E+01     0.94767239E-02    -0.13391796E+01     0.00000000E+00
   0.31655    -0.11865796E+00     0.15227575E+01     0.90083844E-02    -0.13747121E+01     0.00000000E+00
   0.32014    -0.11754540E+00     0.15618320E+01     0.84848096E-02    -0.14094761E+01     0.00000000E+00
   0.32374    -0.11646094E+00     0.15988152E+01     0.83188762E-02    -0.14421550E+01     0.00000000E+00
   0.32734    -0.11539862E+00     0.16356041E+01     0.74434620E-02    -0.14740439E+01     0.00000000E+00
   0.33094    -0.11435728E+00     0.16681941E+01     0.57280329E-02    -0.15006267E+01     0.00000000E+00
   0.33453    -0.11334165E+00     0.16960956E+01     0.52063022E-02    -0.15250771E+01     0.00000000E+00
   0.33813    -0.11235814E+00     0.17275347E+01     0.59688786E-02    -0.15530564E+01     0.00000000E+00
   0.34173    -0.11137904E+00     0.17564573E+01     0.44180044E-02    -0.15769160E+01     0.00000000E+00
   0.34532    -0.11043588E+00     0.17809779E+01     0.31861680E-02    -0.15965812E+01     0.00000000E+00
   0.34892    -0.10950591E+00     0.18035079E+01     0.32158032E-02    -0.16167838E+01     0.00000000E+00
   0.35252    -0.10861462E+00     0.18299390E+01     0.36612803E-02    -0.16392988E+01     0.00000000E+00
   0.35612    -0.10771325E+00     0.18507550E+01     0.18751684E-02    -0.16557008E+01     0.00000000E+00
   0.35971    -0.10686661E+00     0.18706828E+01     0.24818630E-02    -0.16722323E+01     0.00000000E+00
   0.36331    -0.10600292E+00     0.18909080E+01     0.10617300E-02    -0.16888643E+01     0.00000000E+00
   0.36691    -0.10518932E+00     0.19072636E+01     0.17999088E-02    -0.17010191E+01     0.00000000E+00
   0.37050    -0.10436496E+00     0.19243077E+01    -0.24132627E-03    -0.17160757E+01     0.00000000E+00
   0.37410    -0.10358783E+00     0.19407774E+01     0.13769914E-02    -0.17278545E+01     0.00000000E+00
   0.37770    -0.10278917E+00     0.19545312E+01    -0.16906941E-02    -0.17382032E+01     0.00000000E+00
   0.38129    -0.10205543E+00     0.19656445E+01     0.58216446E-03    -0.17459279E+01     0.00000000E+00
   0.38489    -0.10129592E+00     0.19808856E+01    -0.16241393E-02    -0.17593592E+01     0.00000000E+00
   0.38849    -0.10059587E+00     0.19935442E+01     0.13585188E-02    -0.17669549E+01     0.00000000E+00
   0.39209    -0.99870974E-01     0.20085918E+01    -0.14824865E-02    -0.17803293E+01     0.00000000E+00
   0.39568    -0.99206094E-01     0.20257994E+01     0.26546999E-02    -0.17901621E+01     0.00000000E+00
   0.39928    -0.98503711E-01     0.20409308E+01    -0.17840775E-02    -0.18034082E+01     0.00000000E+00
   0.40288    -0.97879608E-01     0.20646769E+01     0.60974234E-02    -0.18194842E+01     0.00000000E+00
   0.40647    -0.97188666E-01     0.20907451E+01    -0.67594103E-04    -0.18429665E+01     0.00000000E+00
   0.41007    -0.96584372E-01     0.21241900E+01     0.95277400E-02    -0.18641677E+01     0.00000000E+00
   0.41367    -0.95889134E-01     0.21560380E+01    -0.10039897E-02    -0.18946669E+01     0.00000000E+00
   0.41727    -0.95304845E-01     0.22001725E+01     0.10930543E-01    -0.19277419E+01     0.00000000E+00
   0.42086    -0.94575990E-01     0.22441034E+01    -0.11892601E-01    -0.19746221E+01     0.00000000E+00
   0.42446    -0.94030432E-01     0.22729538E+01    -0.20075560E-01    -0.19985600E+01     0.00000000E+00
   0.42806    -0.94353362E-01     0.23545517E+01     0.76072253E-01    -0.20224872E+01     0.00000000E+00
   0.43165    -0.93187239E-01     0.23046668E+01    -0.76948046E-02    -0.20247042E+01     0.00000000E+00
   0.43525    -0.92597611E-01     0.22804255E+01    -0.52520847E-01    -0.20295427E+01     0.00000000E+00
   0.43885    -0.92202122E-01     0.22531372E+01    -0.14004609E-01    -0.19899250E+01     0.00000000E+00
   0.44245    -0.91654961E-01     0.21944447E+01    -0.43400770E-01    -0.19524291E+01     0.00000000E+00
   0.44604    -0.91405423E-01     0.21183488E+01    -0.22435103E-01    -0.18754218E+01     0.00000000E+00
   0.44964    -0.90857619E-01     0.20076600E+01    -0.63550404E-01    -0.17950243E+01     0.00000000E+00
   0.45324    -0.90695097E-01     0.18521440E+01    -0.45735479E-01    -0.16468842E+01     0.00000000E+00
   0.45683    -0.90182986E-01     0.16520061E+01    -0.10027933E+00    -0.14924461E+01     0.00000000E+00
   0.46043    -0.90109112E-01     0.13760693E+01    -0.80774307E-01    -0.12365726E+01     0.00000000E+00
   0.46403    -0.89706915E-01     0.10370274E+01    -0.15558624E+00    -0.97592960E+00     0.00000000E+00
   0.46763    -0.89719075E-01     0.57805024E+00    -0.13466546E+00    -0.56573339E+00     0.00000000E+00
   0.47122    -0.89546655E-01     0.79545673E-02    -0.25736095E+00    -0.14277036E+00     0.00000000E+00
   0.47482    -0.89637035E-01    -0.80250292E+00    -0.23720134E+00     0.53553922E+00     0.00000000E+00
   0.47842    -0.90030277E-01    -0.18266817E+01    -0.46784580E+00     0.11988909E+01     0.00000000E+00
   0.48201    -0.90240594E-01    -0.33790007E+01    -0.47181639E+00     0.22922777E+01     0.00000000E+00
   0.48561    -0.92377858E-01    -0.54658801E+01    -0.97416885E+00     0.31428728E+01     0.00000000E+00
   0.48921    -0.93824036E-01    -0.87097175E+01    -0.10897726E+01     0.42789081E+01     0.00000000E+00
   0.49281    -0.10170650E+00    -0.13394228E+02    -0.21815089E+01     0.23627013E+01     0.00000000E+00
   0.49640    -0.10835031E+00    -0.16914317E+02     0.16706326E+01    -0.41643104E+01     0.00000000E+00
   0.50000    -0.13112886E+00    -0.45630899E+01     0.71515360E+01    -0.61576598E+01     0.00000000E+00
   0.50360    -0.12358763E+00     0.15406753E+02     0.48044444E+01    -0.69468923E+01     0.00000000E+00
   0.50719    -0.11411953E+00     0.20688297E+02     0.33478025E+00    -0.15425624E+02     0.00000000E+00
   0.51079    -0.10444913E+00     0.19832521E+02     0.13549117E-02    -0.17872251E+02     0.00000000E+00
   0.51439    -0.10206943E+00     0.18211048E+02    -0.35832678E+00    -0.17268818E+02     0.00000000E+00
   0.51799    -0.99587965E-01     0.17255497E+02    -0.20782227E+00    -0.16845772E+02     0.00000000E+00
   0.52158    -0.98087731E-01     0.16305315E+02    -0.21841066E+00    -0.16109454E+02     0.00000000E+00
   0.52518    -0.97840835E-01     0.15766621E+02    -0.11723916E+00    -0.15675716E+02     0.00000000E+00
   0.52878    -0.96666617E-01     0.15300918E+02    -0.11416328E+00    -0.15257625E+02     0.00000000E+00
   0.53237    -0.96921373E-01     0.14979253E+02    -0.67664639E-01    -0.14959191E+02     0.00000000E+00
   0.53597    -0.95938798E-01     0.14715738E+02    -0.61402585E-01    -0.14704697E+02     0.00000000E+00
   0.53957    -0.96357052E-01     0.14558554E+02    -0.19169700E-01    -0.14552474E+02     0.00000000E+00
   0.54317    -0.95377437E-01     0.14439722E+02    -0.39743299E-01    -0.14436386E+02     0.00000000E+00
   0.54676    -0.95748695E-01     0.14308926E+02    -0.21874002E-01    -0.14307664E+02     0.00000000E+00
   0.55036    -0.94839671E-01     0.14188503E+02    -0.43986920E-01    -0.14187640E+02     0.00000000E+00
   0.55396    -0.95254478E-01     0.14085447E+02    -0.24543449E-01    -0.14085087E+02     0.00000000E+00
   0.55755    -0.94345513E-01     0.13968957E+02    -0.40059708E-01    -0.13968520E+02     0.00000000E+00
   0.56115    -0.94905294E-01     0.13893076E+02    -0.30046855E-01    -0.13892673E+02     0.00000000E+00
   0.56475    -0.93958372E-01     0.13767607E+02    -0.37793760E-01    -0.13766813E+02     0.00000000E+00
   0.56835    -0.94963668E-01     0.13718917E+02    -0.40007253E-01    -0.13717305E+02     0.00000000E+00
   0.57194    -0.95297489E-01     0.13990511E+02     0.89795603E-01    -0.13989951E+02     0.00000000E+00
   0.57554    -0.93711109E-01     0.13972222E+02     0.12139369E-01    -0.13970485E+02     0.00000000E+00
   0.57914    -0.93301426E-01     0.13868475E+02     0.27563926E-01    -0.13867842E+02     0.00000000E+00
   0.58273    -0.93486938E-01     0.13916198E+02     0.16517819E-02    -0.13915614E+02     0.00000000E+00
   0.58633    -0.92935851E-01     0.13939846E+02     0.17886995E-01    -0.13939411E+02     0.00000000E+00
   0.58993    -0.93128076E-01     0.14005522E+02     0.99805125E-02    -0.14005264E+02     0.00000000E+00
   0.59353    -0.92620981E-01     0.14061388E+02     0.10589153E-01    -0.14061352E+02     0.00000000E+00
   0.59712    -0.92721517E-01     0.14102462E+02     0.92454937E-02    -0.14102465E+02     0.00000000E+00
   0.60072    -0.92340527E-01     0.14162498E+02     0.16866762E-01    -0.14162487E+02     0.00000000E+00
   0.60432    -0.92378096E-01     0.14233553E+02     0.15786840E-01    -0.14233449E+02     0.00000000E+00
   0.60791    -0.92039843E-01     0.14300083E+02     0.12516666E-01    -0.14299692E+02     0.00000000E+00
   0.61151    -0.92019305E-01     0.14348193E+02     0.15519878E-01    -0.14347616E+02     0.00000000E+00
   0.61511    -0.91772050E-01     0.14430970E+02     0.16193133E-01    -0.14430018E+02     0.00000000E+00
   0.61871    -0.91684971E-01     0.14478898E+02     0.20768148E-01    -0.14477673E+02     0.00000000E+00
   0.62230    -0.91535172E-01     0.14579914E+02     0.25689352E-01    -0.14578373E+02     0.00000000E+00
   0.62590    -0.91375670E-01     0.14657138E+02     0.19676828E-01    -0.14654795E+02     0.00000000E+00
   0.62950    -0.91223798E-01     0.14731996E+02     0.20022884E-01    -0.14728941E+02     0.00000000E+00
   0.63309    -0.91078410E-01     0.14804502E+02     0.25577259E-01    -0.14800936E+02     0.00000000E+00
   0.63669    -0.90955733E-01     0.14902540E+02     0.24660145E-01    -0.14898120E+02     0.00000000E+00
   0.64029    -0.90762817E-01     0.14974168E+02     0.24902355E-01    -0.14968775E+02     0.00000000E+00
   0.64388    -0.90678460E-01     0.15067590E+02     0.29305870E-01    -0.15061540E+02     0.00000000E+00
   0.64748    -0.90471829E-01     0.15162582E+02     0.22874229E-01    -0.15154992E+02     0.00000000E+00
   0.65108    -0.90352263E-01     0.15227640E+02     0.28180560E-01    -0.15219247E+02     0.00000000E+00
   0.65468    -0.90228781E-01     0.15337732E+02     0.39916540E-01    -0.15328916E+02     0.00000000E+00
   0.65827    -0.90091554E-01     0.15454444E+02     0.33029733E-01    -0.15443758E+02     0.00000000E+00
   0.66187    -0.89888178E-01     0.15541951E+02     0.25818812E-01    -0.15529237E+02     0.00000000E+00
   0.66547    -0.89783685E-01     0.15626040E+02     0.39509274E-01    -0.15612732E+02     0.00000000E+00
   0.66906    -0.89647060E-01     0.15760830E+02     0.45629987E-01    -0.15746359E+02     0.00000000E+00
   0.67266    -0.89464494E-01     0.15876509E+02     0.33026531E-01    -0.15858944E+02     0.00000000E+00
   0.67626    -0.89271630E-01     0.15961786E+02     0.31722826E-01    -0.15942288E+02     0.00000000E+00
   0.67986    -0.89152250E-01     0.16071299E+02     0.38545192E-01    -0.16050350E+02     0.00000000E+00
   0.68345    -0.88963053E-01     0.16180161E+02     0.44846950E-01    -0.16157733E+02     0.00000000E+00
   0.68705    -0.88866830E-01     0.16313986E+02     0.52347811E-01    -0.16289929E+02     0.00000000E+00
   0.69065    -0.88649519E-01     0.16451927E+02     0.45368462E-01    -0.16424636E+02     0.00000000E+00
   0.69424    -0.88485397E-01     0.16564025E+02     0.38970183E-01    -0.16533279E+02     0.00000000E+00
   0.69784    -0.88292640E-01     0.16674791E+02     0.53718037E-01    -0.16642991E+02     0.00000000E+00
   0.70144    -0.88193775E-01     0.16841541E+02     0.55057371E-01    -0.16806741E+02     0.00000000E+00
   0.70504    -0.87881995E-01     0.16959920E+02     0.49674324E-01    -0.16921074E+02     0.00000000E+00
   0.70863    -0.87817530E-01     0.17104263E+02     0.56733519E-01    -0.17063199E+02     0.00000000E+00
   0.71223    -0.87497080E-01     0.17253493E+02     0.52608060E-01    -0.17207824E+02     0.00000000E+00
   0.71583    -0.87388603E-01     0.17379637E+02     0.60599875E-01    -0.17331511E+02     0.00000000E+00
   0.71942    -0.87126697E-01     0.17560978E+02     0.64491872E-01    -0.17508812E+02     0.00000000E+00
   0.72302    -0.86923395E-01     0.17699772E+02     0.58573507E-01    -0.17642485E+02     0.00000000E+00
   0.72662    -0.86662427E-01     0.17862734E+02     0.60508666E-01    -0.17801185E+02     0.00000000E+00
   0.73022    -0.86457724E-01     0.18011132E+02     0.73033326E-01    -0.17946230E+02     0.00000000E+00
   0.73381    -0.86218156E-01     0.18216272E+02     0.77075923E-01    -0.18146466E+02     0.00000000E+00
   0.73741    -0.85913794E-01     0.18380592E+02     0.66244177E-01    -0.18302951E+02     0.00000000E+00
   0.74101    -0.85639648E-01     0.18546164E+02     0.67737325E-01    -0.18463450E+02     0.00000000E+00
   0.74460    -0.85369173E-01     0.18724631E+02     0.74111636E-01    -0.18636135E+02     0.00000000E+00
   0.74820    -0.85064808E-01     0.18910558E+02     0.87490037E-01    -0.18817691E+02     0.00000000E+00
   0.75180    -0.84806243E-01     0.19138165E+02     0.87432095E-01    -0.19037084E+02     0.00000000E+00
   0.75540    -0.84358954E-01     0.19320111E+02     0.75560211E-01    -0.19209267E+02     0.00000000E+00
   0.75899    -0.84099071E-01     0.19512511E+02     0.81354962E-01    -0.19394776E+02     0.00000000E+00
   0.76259    -0.83668467E-01     0.19721535E+02     0.99400264E-01    -0.19597994E+02     0.00000000E+00
   0.76619    -0.83397332E-01     0.19975402E+02     0.10142009E+00    -0.19841708E+02     0.00000000E+00
   0.76978    -0.82822174E-01     0.20187221E+02     0.93867907E-01    -0.20041239E+02     0.00000000E+00
   0.77338    -0.82531662E-01     0.20416226E+02     0.92437534E-01    -0.20259583E+02     0.00000000E+00
   0.77698    -0.81904813E-01     0.20631678E+02     0.95349490E-01    -0.20463663E+02     0.00000000E+00
   0.78058    -0.81622638E-01     0.20873794E+02     0.11470337E+00    -0.20698214E+02     0.00000000E+00
   0.78417    -0.80973853E-01     0.21163289E+02     0.11134123E+00    -0.20971780E+02     0.00000000E+00
   0.78777    -0.80505704E-01     0.21384218E+02     0.10394981E+00    -0.21177275E+02     0.00000000E+00
   0.79137    -0.79884635E-01     0.21659029E+02     0.11815943E+00    -0.21440105E+02     0.00000000E+00
   0.79496    -0.79369317E-01     0.21935941E+02     0.12629236E+00    -0.21701497E+02     0.00000000E+00
   0.79856    -0.78644017E-01     0.22234743E+02     0.12383341E+00    -0.21981256E+02     0.00000000E+00
   0.80216    -0.78031987E-01     0.22504417E+02     0.12078049E+00    -0.22231347E+02     0.00000000E+00
   0.80576    -0.77253200E-01     0.22801570E+02     0.12765983E+00    -0.22510666E+02     0.00000000E+00
   0.80935    -0.76595715E-01     0.23105955E+02     0.13958459E+00    -0.22795620E+02     0.00000000E+00
   0.81295    -0.75731648E-01     0.23446494E+02     0.15377544E+00    -0.23115120E+02     0.00000000E+00
   0.81655    -0.74963630E-01     0.23795799E+02     0.14989164E+00    -0.23435168E+02     0.00000000E+00
   0.82014    -0.73900410E-01     0.24114268E+02     0.14049464E+00    -0.23724206E+02     0.00000000E+00
   0.82374    -0.73077191E-01     0.24445980E+02     0.14318236E+00    -0.24028236E+02     0.00000000E+00
   0.82734    -0.71941062E-01     0.24790505E+02     0.15924436E+00    -0.24347039E+02     0.00000000E+00
   0.83094    -0.71065710E-01     0.25188456E+02     0.16944410E+00    -0.24712426E+02     0.00000000E+00
   0.83453    -0.69713586E-01     0.25563535E+02     0.16888136E+00    -0.25049614E+02     0.00000000E+00
   0.83813    -0.68735157E-01     0.25964802E+02     0.17994604E+00    -0.25414928E+02     0.00000000E+00
   0.84173    -0.67249049E-01     0.26389691E+02     0.18475285E+00    -0.25796165E+02     0.00000000E+00
   0.84532    -0.66072579E-01     0.26806185E+02     0.18964721E+00    -0.26167023E+02     0.00000000E+00
   0.84892    -0.64445918E-01     0.27256602E+02     0.19710334E+00    -0.26568267E+02     0.00000000E+00
   0.85252    -0.63079489E-01     0.27703208E+02     0.19172442E+00    -0.26958344E+02     0.00000000E+00
   0.85612    -0.61238791E-01     0.28146305E+02     0.19919369E+00    -0.27347449E+02     0.00000000E+00
   0.85971    -0.59797711E-01     0.28648235E+02     0.22777687E+00    -0.27795011E+02     0.00000000E+00
   0.86331    -0.57722527E-01     0.29199037E+02     0.23904946E+00    -0.28273870E+02     0.00000000E+00
   0.86691    -0.55937404E-01     0.29715441E+02     0.21777558E+00    -0.28704641E+02     0.00000000E+00
   0.87050    -0.53569772E-01     0.30204538E+02     0.22002596E+00    -0.29118025E+02     0.00000000E+00
   0.87410    -0.51728099E-01     0.30783312E+02     0.26235819E+00    -0.29624637E+02     0.00000000E+00
   0.87770    -0.49086791E-01     0.31438284E+02     0.27753268E+00    -0.30176401E+02     0.00000000E+00
   0.88129    -0.46713028E-01     0.32026412E+02     0.25743435E+00    -0.30645068E+02     0.00000000E+00
   0.88489    -0.43753643E-01     0.32621115E+02     0.25833566E+00    -0.31131146E+02     0.00000000E+00
   0.88849    -0.41158716E-01     0.33271384E+02     0.27128352E+00    -0.31661224E+02     0.00000000E+00
   0.89209    -0.37854631E-01     0.33946534E+02     0.30602715E+00    -0.32215632E+02     0.00000000E+00
   0.89568    -0.34976814E-01     0.34754690E+02     0.33100162E+00    -0.32865879E+02     0.00000000E+00
   0.89928    -0.30958593E-01     0.35483467E+02     0.32124472E+00    -0.33413877E+02     0.00000000E+00
   0.90288    -0.27610467E-01     0.36264481E+02     0.32786568E+00    -0.34010315E+02     0.00000000E+00
   0.90647    -0.23115866E-01     0.37068525E+02     0.36066536E+00    -0.34625440E+02     0.00000000E+00
   0.91007    -0.19305518E-01     0.38011581E+02     0.38123964E+00    -0.35330369E+02     0.00000000E+00
   0.91367    -0.13895715E-01     0.38861816E+02     0.37570098E+00    -0.35926126E+02     0.00000000E+00
   0.91727    -0.95845586E-02     0.39853031E+02     0.40748468E+00    -0.36642073E+02     0.00000000E+00
   0.92086    -0.33301048E-02     0.40852016E+02     0.40696450E+00    -0.37321097E+02     0.00000000E+00
   0.92446     0.18511570E-02     0.41896231E+02     0.45045343E+00    -0.38025296E+02     0.00000000E+00
   0.92806     0.89264168E-02     0.43097394E+02     0.49374506E+00    -0.38831387E+02     0.00000000E+00
   0.93165     0.15293222E-01     0.44328222E+02     0.51010582E+00    -0.39575773E+02     0.00000000E+00
   0.93525     0.23855802E-01     0.45531009E+02     0.49862667E+00    -0.40271422E+02     0.00000000E+00
   0.93885     0.31155156E-01     0.46892821E+02     0.56286263E+00    -0.41068917E+02     0.00000000E+00
   0.94245     0.41261968E-01     0.48422416E+02     0.60434816E+00    -0.41929163E+02     0.00000000E+00
   0.94604     0.50426483E-01     0.50020439E+02     0.65421515E+00    -0.42703019E+02     0.00000000E+00
   0.94964     0.62794111E-01     0.51690274E+02     0.68310753E+00    -0.43453885E+02     0.00000000E+00
   0.95324     0.74065853E-01     0.53529608E+02     0.73015363E+00    -0.44195380E+02     0.00000000E+00
   0.95683     0.89433270E-01     0.55465532E+02     0.81020752E+00    -0.44873363E+02     0.00000000E+00
   0.96043     0.10360457E+00     0.57773602E+02     0.90442976E+00    -0.45575465E+02     0.00000000E+00
   0.96403     0.12387393E+00     0.60042106E+02     0.94903746E+00    -0.45866912E+02     0.00000000E+00
   0.96763     0.14265229E+00     0.62461682E+02     0.10264332E+01    -0.45977309E+02     0.00000000E+00
   0.97122     0.16896658E+00     0.65227221E+02     0.11868838E+01    -0.45811074E+02     0.00000000E+00
   0.97482     0.19548510E+00     0.68224724E+02     0.13367769E+01    -0.44844566E+02     0.00000000E+00
   0.97842     0.23382884E+00     0.70891061E+02     0.14572268E+01    -0.42491774E+02     0.00000000E+00
   0.98201     0.27374947E+00     0.73243362E+02     0.16910290E+01    -0.38152783E+02     0.00000000E+00
   0.98561     0.33361467E+00     0.74030736E+02     0.18357467E+01    -0.30048877E+02     0.00000000E+00
   0.98921     0.40333176E+00     0.68718009E+02     0.14044436E+01    -0.15568093E+02     0.00000000E+00
   0.99281     0.49599660E+00     0.45393666E+02    -0.23122928E+01     0.20372029E+01     0.00000000E+00
   0.99640     0.54980358E+00    -0.37306409E+02    -0.10420807E+02    -0.33129722E+02     0.00000000E+00
   1.00000     0.35676152E+00    -0.17612699E+03    -0.77178641E+01    -0.16902814E+03     0.00000000E+00
